time	V(g1)	V(out)
0.000000000000000e+000	0.000000e+000	3.148880e-014
3.999999984016789e-011	2.513274e-008	-4.346153e-013
3.091172699646199e-008	1.942254e-005	-1.037075e-005
6.178345399308381e-008	3.881971e-005	-3.180695e-005
9.265518098970564e-008	5.821663e-005	-6.430859e-005
1.235269079863275e-007	7.761331e-005	-1.078757e-004
1.543986349829493e-007	9.700975e-005	-1.625082e-004
1.852703619795711e-007	1.164060e-004	-2.282062e-004
2.161420889761929e-007	1.358019e-004	-3.049696e-004
3.199026016444524e-007	2.009872e-004	-6.135433e-004
4.626271068233879e-007	2.906363e-004	-1.159600e-003
6.464985805873299e-007	4.060954e-004	-2.015319e-003
8.941826595266234e-007	5.615360e-004	-3.350118e-003
1.220280134921984e-006	7.659736e-004	-5.294822e-003
1.673459751801671e-006	1.049529e-003	-8.171063e-003
2.316898349569302e-006	1.450614e-003	-1.237594e-002
3.316898349569302e-006	2.069015e-003	-1.894536e-002
4.316898349569302e-006	2.679251e-003	-2.545154e-002
5.316898349569302e-006	3.278913e-003	-3.184208e-002
6.316898349569301e-006	3.865634e-003	-3.808707e-002
7.316898349569301e-006	4.437100e-003	-4.416115e-002
8.316898349569301e-006	4.991055e-003	-5.003942e-002
9.316898349569301e-006	5.525311e-003	-5.569768e-002
1.031689834956930e-005	6.037763e-003	-6.111252e-002
1.131689834956930e-005	6.526385e-003	-6.627141e-002
1.218193435842779e-005	6.928352e-003	-7.049800e-002
1.313172768860568e-005	7.346094e-003	-7.486179e-002
1.413172768860569e-005	7.757626e-003	-7.914667e-002
1.513172768860569e-005	8.138541e-003	-8.309419e-002
1.613172768860568e-005	8.487338e-003	-8.668370e-002
1.713172768860569e-005	8.802639e-003	-8.990002e-002
1.813172768860569e-005	9.083200e-003	-9.272957e-002
1.913172768860569e-005	9.327915e-003	-9.516039e-002
2.013172768860569e-005	9.535816e-003	-9.718221e-002
2.113172768860569e-005	9.706083e-003	-9.878652e-002
2.213172768860569e-005	9.838045e-003	-9.996657e-002
2.313172768860569e-005	9.931181e-003	-1.007175e-001
2.413172768860569e-005	9.985123e-003	-1.010362e-001
2.513172768860569e-005	9.999657e-003	-1.009215e-001
2.613172768860569e-005	9.974728e-003	-1.003741e-001
2.713172768860569e-005	9.910434e-003	-9.939650e-002
2.813172768860569e-005	9.807027e-003	-9.799317e-002
2.913172768860569e-005	9.664916e-003	-9.617031e-002
3.013172768860569e-005	9.484664e-003	-9.393594e-002
3.113172768860569e-005	9.266978e-003	-9.129985e-002
3.213172768860569e-005	9.012721e-003	-8.827352e-002
3.313172768860569e-005	8.722894e-003	-8.487006e-002
3.413172768860569e-005	8.398642e-003	-8.110419e-002
3.513172768860568e-005	8.041244e-003	-7.699206e-002
3.613172768860568e-005	7.652111e-003	-7.255131e-002
3.713172768860568e-005	7.232779e-003	-6.780216e-002
3.811303741970865e-005	6.793525e-003	-6.285883e-002
3.911303741970865e-005	6.319355e-003	-5.755408e-002
4.011303741970865e-005	5.820245e-003	-5.200423e-002
4.111303741970865e-005	5.298166e-003	-4.623122e-002
4.211303741970864e-005	4.755178e-003	-4.025906e-002
4.311303741970864e-005	4.193422e-003	-3.411249e-002
4.411303741970864e-005	3.615117e-003	-2.781681e-002
4.511303741970864e-005	3.022545e-003	-2.139779e-002
4.611303741970863e-005	2.418044e-003	-1.488157e-002
4.711303741970863e-005	1.804001e-003	-8.294511e-003
4.811303741970863e-005	1.182838e-003	-1.663121e-003
4.911303741970862e-005	5.570066e-004	4.986080e-003
5.011303741970862e-005	-7.102291e-005	1.162666e-002
5.111303741970862e-005	-6.987721e-004	1.823240e-002
5.211303741970862e-005	-1.323764e-003	2.477734e-002
5.311303741970861e-005	-1.943531e-003	3.123596e-002
5.411303741970861e-005	-2.555628e-003	3.758319e-002
5.511303741970861e-005	-3.157639e-003	4.379458e-002
5.611303741970860e-005	-3.747188e-003	4.984631e-002
5.711303741970860e-005	-4.321949e-003	5.571532e-002
5.811303741970860e-005	-4.879653e-003	6.137938e-002
5.911303741970860e-005	-5.418099e-003	6.681715e-002
6.011303741970859e-005	-5.935163e-003	7.200825e-002
6.111303741970859e-005	-6.428803e-003	7.693332e-002
6.211303741970859e-005	-6.897072e-003	8.157461e-002
6.310607737112896e-005	-7.335149e-003	8.588480e-002
6.410607737112895e-005	-7.747446e-003	8.990838e-002
6.510607737112895e-005	-8.129166e-003	9.360044e-002
6.610607737112895e-005	-8.478804e-003	9.694692e-002
6.710607737112894e-005	-8.794981e-003	9.993564e-002
6.810607737112894e-005	-9.076447e-003	1.025557e-001
6.910607737112894e-005	-9.322094e-003	1.047976e-001
7.010607737112894e-005	-9.530949e-003	1.066531e-001
7.110607737112893e-005	-9.702192e-003	1.081156e-001
7.210607737112893e-005	-9.835144e-003	1.091796e-001
7.310607737112893e-005	-9.929280e-003	1.098413e-001
7.410607737112893e-005	-9.984231e-003	1.100982e-001
7.510607737112892e-005	-9.999778e-003	1.099491e-001
7.610607737112892e-005	-9.975861e-003	1.093945e-001
7.710607737112892e-005	-9.912573e-003	1.084363e-001
7.810607737112891e-005	-9.810166e-003	1.070776e-001
7.910607737112891e-005	-9.669041e-003	1.053232e-001
8.010607737112891e-005	-9.489758e-003	1.031791e-001
8.110607737112891e-005	-9.273023e-003	1.006530e-001
8.210607737112890e-005	-9.019691e-003	9.775378e-002
8.310607737112890e-005	-8.730764e-003	9.449163e-002
8.410607737112890e-005	-8.407379e-003	9.087824e-002
8.510607737112889e-005	-8.050814e-003	8.692656e-002
8.610607737112889e-005	-7.662477e-003	8.265084e-002
8.710607737112889e-005	-7.243899e-003	7.806674e-002
8.810348518720088e-005	-6.797928e-003	7.320361e-002
8.910348518720087e-005	-6.324005e-003	6.805401e-002
9.010348518720087e-005	-5.825125e-003	6.264952e-002
9.110348518720087e-005	-5.303255e-003	5.701001e-002
9.210348518720086e-005	-4.760456e-003	5.115651e-002
9.310348518720086e-005	-4.198870e-003	4.511100e-002
9.410348518720086e-005	-3.620713e-003	3.889630e-002
9.510348518720086e-005	-3.028266e-003	3.253602e-002
9.610348518720085e-005	-2.423868e-003	2.605451e-002
9.710348518720085e-005	-1.809904e-003	1.947670e-002
9.810348518720085e-005	-1.188797e-003	1.282808e-002
9.910348518720084e-005	-5.629990e-004	6.134559e-003
1.001034851872008e-004	6.502120e-005	-5.775973e-004
1.011034851872008e-004	6.927848e-004	-7.281897e-003
1.021034851872008e-004	1.317814e-003	-1.395172e-002
1.031034851872008e-004	1.937643e-003	-2.056041e-002
1.041034851872008e-004	2.549825e-003	-2.708141e-002
1.051034851872008e-004	3.151943e-003	-3.348839e-002
1.061034851872008e-004	3.741623e-003	-3.975529e-002
1.071034851872008e-004	4.316536e-003	-4.585652e-002
1.081034851872008e-004	4.874413e-003	-5.176705e-002
1.091034851872008e-004	5.413054e-003	-5.746248e-002
1.101034851872008e-004	5.930332e-003	-6.291921e-002
1.111034851872008e-004	6.424205e-003	-6.811456e-002
1.121034851872008e-004	6.892725e-003	-7.302687e-002
1.131025197121970e-004	7.333630e-003	-7.763112e-002
1.141025197121970e-004	7.746032e-003	-8.191682e-002
1.151025197121970e-004	8.127864e-003	-8.586146e-002
1.161025197121970e-004	8.477619e-003	-8.944827e-002
1.171025197121970e-004	8.793917e-003	-9.266206e-002
1.181025197121970e-004	9.075509e-003	-9.548919e-002
1.191025197121970e-004	9.321284e-003	-9.791764e-002
1.201025197121970e-004	9.530273e-003	-9.993710e-002
1.211025197121970e-004	9.701650e-003	-1.015390e-001
1.221025197121970e-004	9.834738e-003	-1.027166e-001
1.231025197121970e-004	9.929014e-003	-1.034648e-001
1.241025197121970e-004	9.984105e-003	-1.037807e-001
1.251025197121970e-004	9.999792e-003	-1.036630e-001
1.261025197121970e-004	9.976015e-003	-1.031122e-001
1.271025197121970e-004	9.912868e-003	-1.021309e-001
1.281025197121969e-004	9.810599e-003	-1.007235e-001
1.291025197121969e-004	9.669611e-003	-9.889617e-002
1.301025197121969e-004	9.490463e-003	-9.665685e-002
1.311025197121969e-004	9.273860e-003	-9.401532e-002
1.321025197121969e-004	9.020656e-003	-9.098300e-002
1.331025197121969e-004	8.731853e-003	-8.757299e-002
1.341025197121969e-004	8.408589e-003	-8.379997e-002
1.351025197121969e-004	8.052140e-003	-7.968008e-002
1.361025197121969e-004	7.663913e-003	-7.523090e-002
1.371025197121969e-004	7.245440e-003	-7.047138e-002
1.381021601082906e-004	6.798538e-003	-6.542346e-002
1.391021601082906e-004	6.324650e-003	-6.010477e-002
1.401021601082906e-004	5.825802e-003	-5.453945e-002
1.411021601082906e-004	5.303961e-003	-4.875068e-002
1.421021601082906e-004	4.761189e-003	-4.276249e-002
1.431021601082906e-004	4.199625e-003	-3.659963e-002
1.441021601082906e-004	3.621489e-003	-3.028741e-002
1.451021601082906e-004	3.029059e-003	-2.385163e-002
1.461021601082906e-004	2.424676e-003	-1.731842e-002
1.471021601082906e-004	1.810723e-003	-1.071418e-002
1.481021601082906e-004	1.189624e-003	-4.065428e-003
1.491021601082906e-004	5.638303e-004	2.601304e-003
1.501021601082906e-004	-6.418865e-005	9.259565e-003
1.511021601082906e-004	-6.919542e-004	1.588310e-002
1.521021601082906e-004	-1.316989e-003	2.244595e-002
1.531021601082906e-004	-1.936826e-003	2.892257e-002
1.541021601082906e-004	-2.549020e-003	3.528786e-002
1.551021601082906e-004	-3.151153e-003	4.151735e-002
1.561021601082906e-004	-3.740851e-003	4.758720e-002
1.571021601082906e-004	-4.315785e-003	5.347434e-002
1.581021601082906e-004	-4.873686e-003	5.915650e-002
1.591021601082906e-004	-5.412354e-003	6.461234e-002
1.601021601082906e-004	-5.929661e-003	6.982143e-002
1.611021601082906e-004	-6.423567e-003	7.476442e-002
1.621021601082906e-004	-6.892121e-003	7.942300e-002
1.631020261681313e-004	-7.333419e-003	8.377942e-002
1.641020261681313e-004	-7.745836e-003	8.781887e-002
1.651020261681313e-004	-8.127684e-003	9.152599e-002
1.661020261681313e-004	-8.477455e-003	9.488727e-002
1.671020261681313e-004	-8.793769e-003	9.789050e-002
1.681020261681313e-004	-9.075379e-003	1.005248e-001
1.691020261681313e-004	-9.321172e-003	1.027806e-001
1.701020261681313e-004	-9.530179e-003	1.046498e-001
1.711020261681313e-004	-9.701575e-003	1.061256e-001
1.721020261681313e-004	-9.834683e-003	1.072027e-001
1.731020261681313e-004	-9.928978e-003	1.078771e-001
1.741020261681313e-004	-9.984087e-003	1.081464e-001
1.751020261681313e-004	-9.999795e-003	1.080094e-001
1.761020261681313e-004	-9.976037e-003	1.074666e-001
1.771020261681313e-004	-9.912909e-003	1.065198e-001
1.781020261681313e-004	-9.810659e-003	1.051723e-001
1.791020261681313e-004	-9.669690e-003	1.034288e-001
1.801020261681313e-004	-9.490561e-003	1.012953e-001
1.811020261681313e-004	-9.273975e-003	9.877948e-002
1.821020261681313e-004	-9.020790e-003	9.589018e-002
1.831020261681313e-004	-8.732004e-003	9.263772e-002
1.841020261681313e-004	-8.408757e-003	8.903373e-002
1.851020261681313e-004	-8.052324e-003	8.509117e-002
1.861020261681313e-004	-7.664112e-003	8.082432e-002
1.871020261681313e-004	-7.245654e-003	7.624865e-002
1.881019762798714e-004	-6.798623e-003	7.138112e-002
1.891019762798714e-004	-6.324740e-003	6.623913e-002
1.901019762798714e-004	-5.825896e-003	6.084191e-002
1.911019762798714e-004	-5.304059e-003	5.520951e-002
1.921019762798714e-004	-4.761290e-003	4.936296e-002
1.931019762798714e-004	-4.199730e-003	4.332425e-002
1.941019762798714e-004	-3.621596e-003	3.711624e-002
1.951019762798714e-004	-3.029169e-003	3.076254e-002
1.961019762798714e-004	-2.424788e-003	2.428751e-002
1.971019762798714e-004	-1.810836e-003	1.771610e-002
1.981019762798714e-004	-1.189739e-003	1.107380e-002
1.991019762798714e-004	-5.639456e-004	4.386560e-003
2.001019762798713e-004	6.407315e-005	-2.319364e-003
2.011019762798713e-004	6.918390e-004	-9.017458e-003
2.021019762798713e-004	1.316875e-003	-1.568109e-002
2.031019762798713e-004	1.936713e-003	-2.228359e-002
2.041019762798713e-004	2.548908e-003	-2.879839e-002
2.051019762798713e-004	3.151044e-003	-3.519914e-002
2.061019762798713e-004	3.740744e-003	-4.145979e-002
2.071019762798713e-004	4.315681e-003	-4.755472e-002
2.081019762798713e-004	4.873585e-003	-5.345888e-002
2.091019762798713e-004	5.412257e-003	-5.914789e-002
2.101019762798713e-004	5.929568e-003	-6.459812e-002
2.111019762798713e-004	6.423478e-003	-6.978687e-002
2.121019762798713e-004	6.892038e-003	-7.469242e-002
2.131019576981337e-004	7.333390e-003	-7.929409e-002
2.141019576981337e-004	7.745808e-003	-8.357266e-002
2.151019576981337e-004	8.127659e-003	-8.750996e-002
2.161019576981337e-004	8.477432e-003	-9.108929e-002
2.171019576981337e-004	8.793749e-003	-9.429546e-002
2.181019576981337e-004	9.075361e-003	-9.711482e-002
2.191019576981337e-004	9.321157e-003	-9.953535e-002
2.201019576981337e-004	9.530166e-003	-1.015468e-001
2.211019576981337e-004	9.701564e-003	-1.031405e-001
2.221019576981337e-004	9.834675e-003	-1.043097e-001
2.231019576981337e-004	9.928972e-003	-1.050494e-001
2.241019576981337e-004	9.984085e-003	-1.053567e-001
2.251019576981337e-004	9.999795e-003	-1.052301e-001
2.261019576981337e-004	9.976040e-003	-1.046704e-001
2.271019576981337e-004	9.912915e-003	-1.036801e-001
2.281019576981337e-004	9.810667e-003	-1.022635e-001
2.291019576981337e-004	9.669702e-003	-1.004268e-001
2.301019576981337e-004	9.490574e-003	-9.817806e-002
2.311019576981337e-004	9.273992e-003	-9.552696e-002
2.321019576981337e-004	9.020809e-003	-9.248499e-002
2.331019576981337e-004	8.732026e-003	-8.906522e-002
2.341019576981337e-004	8.408780e-003	-8.528234e-002
2.351019576981336e-004	8.052349e-003	-8.115251e-002
2.361019576981336e-004	7.664140e-003	-7.669333e-002
2.371019576981336e-004	7.245684e-003	-7.192370e-002
2.381019507770444e-004	6.798635e-003	-6.686381e-002
2.391019507770444e-004	6.324752e-003	-6.153487e-002
2.401019507770444e-004	5.825909e-003	-5.595925e-002
2.411019507770444e-004	5.304073e-003	-5.016015e-002
2.421019507770444e-004	4.761304e-003	-4.416164e-002
2.431019507770444e-004	4.199745e-003	-3.798845e-002
2.441019507770444e-004	3.621611e-003	-3.166592e-002
2.451019507770444e-004	3.029185e-003	-2.521984e-002
2.461019507770444e-004	2.424803e-003	-1.867638e-002
2.471019507770445e-004	1.810852e-003	-1.206193e-002
2.481019507770445e-004	1.189755e-003	-5.403016e-003
2.491019507770445e-004	5.639616e-004	1.273807e-003
2.501019507770445e-004	-6.405712e-005	7.942084e-003
2.511019507770446e-004	-6.918230e-004	1.457555e-002
2.521019507770446e-004	-1.316859e-003	2.114824e-002
2.531019507770446e-004	-1.936697e-003	2.763459e-002
2.541019507770446e-004	-2.548893e-003	3.400950e-002
2.551019507770446e-004	-3.151028e-003	4.024849e-002
2.561019507770447e-004	-3.740729e-003	4.632771e-002
2.571019507770447e-004	-4.315666e-003	5.222408e-002
2.581019507770447e-004	-4.873571e-003	5.791534e-002
2.591019507770447e-004	-5.412243e-003	6.338011e-002
2.601019507770448e-004	-5.929555e-003	6.859799e-002
2.611019507770448e-004	-6.423466e-003	7.354960e-002
2.621019507770448e-004	-6.892026e-003	7.821662e-002
2.631019481991650e-004	-7.333386e-003	8.258188e-002
2.641019481991650e-004	-7.745805e-003	8.662941e-002
2.651019481991650e-004	-8.127655e-003	9.034441e-002
2.661019481991651e-004	-8.477429e-003	9.371340e-002
2.671019481991651e-004	-8.793746e-003	9.672415e-002
2.681019481991651e-004	-9.075359e-003	9.936576e-002
2.691019481991651e-004	-9.321154e-003	1.016287e-001
2.701019481991652e-004	-9.530164e-003	1.035049e-001
2.711019481991652e-004	-9.701563e-003	1.049875e-001
2.721019481991652e-004	-9.834674e-003	1.060711e-001
2.731019481991652e-004	-9.928972e-003	1.067519e-001
2.741019481991653e-004	-9.984084e-003	1.070274e-001
2.751019481991653e-004	-9.999795e-003	1.068965e-001
2.761019481991653e-004	-9.976041e-003	1.063596e-001
2.771019481991653e-004	-9.912916e-003	1.054185e-001
2.781019481991653e-004	-9.810668e-003	1.040765e-001
2.791019481991654e-004	-9.669703e-003	1.023383e-001
2.801019481991654e-004	-9.490576e-003	1.002100e-001
2.811019481991654e-004	-9.273994e-003	9.769922e-002
2.821019481991654e-004	-9.020811e-003	9.481481e-002
2.831019481991655e-004	-8.732028e-003	9.156711e-002
2.841019481991655e-004	-8.408783e-003	8.796775e-002
2.851019481991655e-004	-8.052353e-003	8.402969e-002
2.861019481991655e-004	-7.664144e-003	7.976720e-002
2.871019481991656e-004	-7.245688e-003	7.519580e-002
2.881019472389891e-004	-6.798637e-003	7.033219e-002
2.891019472389891e-004	-6.324754e-003	6.519426e-002
2.901019472389891e-004	-5.825910e-003	5.980100e-002
2.911019472389892e-004	-5.304075e-003	5.417249e-002
2.921019472389892e-004	-4.761306e-003	4.832976e-002
2.931019472389892e-004	-4.199747e-003	4.229482e-002
2.941019472389892e-004	-3.621613e-003	3.609052e-002
2.951019472389893e-004	-3.029187e-003	2.974048e-002
2.961019472389893e-004	-2.424805e-003	2.326908e-002
2.971019472389893e-004	-1.810854e-003	1.670127e-002
2.981019472389893e-004	-1.189757e-003	1.006256e-002
2.991019472389894e-004	-5.639638e-004	3.378897e-003
3.001019472389894e-004	6.405490e-005	-3.323451e-003
3.011019472389894e-004	6.918208e-004	-1.001796e-002
3.021019472389894e-004	1.316856e-003	-1.667800e-002
3.031019472389895e-004	1.936695e-003	-2.327688e-002
3.041019472389895e-004	2.548890e-003	-2.978804e-002
3.051019472389895e-004	3.151026e-003	-3.618511e-002
3.061019472389895e-004	3.740727e-003	-4.244203e-002
3.071019472389896e-004	4.315664e-003	-4.853320e-002
3.081019472389896e-004	4.873570e-003	-5.443354e-002
3.091019472389896e-004	5.412241e-003	-6.011866e-002
3.101019472389896e-004	5.929553e-003	-6.556495e-002
3.111019472389897e-004	6.423464e-003	-7.074969e-002
3.121019472389897e-004	6.892025e-003	-7.565116e-002
3.131019468813550e-004	7.333385e-003	-8.024875e-002
3.141019468813550e-004	7.745804e-003	-8.452307e-002
3.151019468813550e-004	8.127654e-003	-8.845605e-002
3.161019468813551e-004	8.477428e-003	-9.203097e-002
3.171019468813551e-004	8.793745e-003	-9.523264e-002
3.181019468813551e-004	9.075359e-003	-9.804742e-002
3.191019468813551e-004	9.321154e-003	-1.004633e-001
3.201019468813552e-004	9.530164e-003	-1.024700e-001
3.211019468813552e-004	9.701563e-003	-1.040588e-001
3.221019468813552e-004	9.834673e-003	-1.052231e-001
3.231019468813552e-004	9.928972e-003	-1.059579e-001
3.241019468813553e-004	9.984084e-003	-1.062600e-001
3.251019468813553e-004	9.999795e-003	-1.061282e-001
3.261019468813553e-004	9.976041e-003	-1.055633e-001
3.271019468813553e-004	9.912916e-003	-1.045676e-001
3.281019468813554e-004	9.810668e-003	-1.031456e-001
3.291019468813554e-004	9.669703e-003	-1.013035e-001
3.301019468813554e-004	9.490576e-003	-9.904917e-002
3.311019468813554e-004	9.273994e-003	-9.639247e-002
3.321019468813555e-004	9.020812e-003	-9.334483e-002
3.331019468813555e-004	8.732028e-003	-8.991934e-002
3.341019468813555e-004	8.408784e-003	-8.613069e-002
3.351019468813555e-004	8.052354e-003	-8.199506e-002
3.361019468813556e-004	7.664145e-003	-7.753003e-002
3.371019468813556e-004	7.245688e-003	-7.275452e-002
3.381019467481479e-004	6.798637e-003	-6.768870e-002
3.391019467481479e-004	6.324754e-003	-6.235384e-002
3.401019467481480e-004	5.825911e-003	-5.677228e-002
3.411019467481480e-004	5.304075e-003	-5.096724e-002
3.421019467481480e-004	4.761307e-003	-4.496277e-002
3.431019467481480e-004	4.199747e-003	-3.878364e-002
3.441019467481481e-004	3.621614e-003	-3.245518e-002
3.451019467481481e-004	3.029187e-003	-2.600319e-002
3.461019467481481e-004	2.424806e-003	-1.945383e-002
3.471019467481481e-004	1.810855e-003	-1.283351e-002
3.481019467481482e-004	1.189757e-003	-6.168772e-003
3.491019467481482e-004	5.639641e-004	5.138406e-004
3.501019467481482e-004	-6.405459e-005	7.187860e-003
3.511019467481482e-004	-6.918205e-004	1.382702e-002
3.521019467481483e-004	-1.316856e-003	2.040534e-002
3.531019467481483e-004	-1.936695e-003	2.689726e-002
3.541019467481483e-004	-2.548890e-003	3.327768e-002
3.551019467481483e-004	-3.151026e-003	3.952209e-002
3.561019467481484e-004	-3.740727e-003	4.560667e-002
3.571019467481484e-004	-4.315664e-003	5.150832e-002
3.581019467481484e-004	-4.873570e-003	5.720476e-002
3.591019467481484e-004	-5.412241e-003	6.267464e-002
3.601019467481485e-004	-5.929553e-003	6.789753e-002
3.611019467481485e-004	-6.423464e-003	7.285405e-002
3.621019467481485e-004	-6.892025e-003	7.752589e-002
3.631019466985326e-004	-7.333385e-003	8.189587e-002
3.641019466985326e-004	-7.745804e-003	8.594801e-002
3.651019466985327e-004	-8.127654e-003	8.966753e-002
3.661019466985327e-004	-8.477428e-003	9.304091e-002
3.671019466985327e-004	-8.793745e-003	9.605595e-002
3.681019466985327e-004	-9.075358e-003	9.870177e-002
3.691019466985328e-004	-9.321154e-003	1.009688e-001
3.701019466985328e-004	-9.530164e-003	1.028489e-001
3.711019466985328e-004	-9.701563e-003	1.043354e-001
3.721019466985328e-004	-9.834673e-003	1.054228e-001
3.731019466985329e-004	-9.928972e-003	1.061073e-001
3.741019466985329e-004	-9.984084e-003	1.063863e-001
3.751019466985329e-004	-9.999795e-003	1.062588e-001
3.761019466985329e-004	-9.976041e-003	1.057252e-001
3.771019466985330e-004	-9.912916e-003	1.047874e-001
3.781019466985330e-004	-9.810668e-003	1.034485e-001
3.791019466985330e-004	-9.669703e-003	1.017134e-001
3.801019466985330e-004	-9.490576e-003	9.958811e-002
3.811019466985331e-004	-9.273994e-003	9.708019e-002
3.821019466985331e-004	-9.020812e-003	9.419858e-002
3.831019466985331e-004	-8.732028e-003	9.095358e-002
3.841019466985331e-004	-8.408784e-003	8.735685e-002
3.851019466985332e-004	-8.052354e-003	8.342136e-002
3.861019466985332e-004	-7.664145e-003	7.916138e-002
3.871019466985332e-004	-7.245688e-003	7.459240e-002
3.881019466800526e-004	-6.798637e-003	6.973117e-002
3.891019466800526e-004	-6.324754e-003	6.459556e-002
3.901019466800526e-004	-5.825911e-003	5.920458e-002
3.911019466800526e-004	-5.304075e-003	5.357829e-002
3.921019466800527e-004	-4.761307e-003	4.773776e-002
3.931019466800527e-004	-4.199747e-003	4.170497e-002
3.941019466800527e-004	-3.621614e-003	3.550279e-002
3.951019466800527e-004	-3.029187e-003	2.915486e-002
3.961019466800528e-004	-2.424806e-003	2.268554e-002
3.971019466800528e-004	-1.810855e-003	1.611980e-002
3.981019466800528e-004	-1.189757e-003	9.483145e-003
3.991019466800528e-004	-5.639642e-004	2.801529e-003
4.001019466800529e-004	6.405455e-005	-3.898768e-003
4.011019466800529e-004	6.918205e-004	-1.059122e-002
4.021019466800529e-004	1.316856e-003	-1.724919e-002
4.031019466800529e-004	1.936695e-003	-2.384600e-002
4.041019466800530e-004	2.548890e-003	-3.035507e-002
4.051019466800530e-004	3.151026e-003	-3.675003e-002
4.061019466800530e-004	3.740727e-003	-4.300481e-002
4.071019466800530e-004	4.315664e-003	-4.909381e-002
4.081019466800531e-004	4.873569e-003	-5.499195e-002
4.091019466800531e-004	5.412241e-003	-6.067485e-002
4.101019466800531e-004	5.929553e-003	-6.611887e-002
4.111019466800531e-004	6.423464e-003	-7.130130e-002
4.121019466800532e-004	6.892025e-003	-7.620043e-002
4.131019466731694e-004	7.333385e-003	-8.079562e-002
4.141019466731694e-004	7.745804e-003	-8.506752e-002
4.151019466731694e-004	8.127654e-003	-8.899800e-002
4.161019466731694e-004	8.477428e-003	-9.257039e-002
4.171019466731695e-004	8.793745e-003	-9.576949e-002
4.181019466731695e-004	9.075358e-003	-9.858164e-002
4.191019466731695e-004	9.321154e-003	-1.009948e-001
4.201019466731695e-004	9.530164e-003	-1.029988e-001
4.211019466731696e-004	9.701563e-003	-1.045848e-001
4.221019466731696e-004	9.834673e-003	-1.057463e-001
4.231019466731696e-004	9.928972e-003	-1.064782e-001
4.241019466731696e-004	9.984084e-003	-1.067774e-001
4.251019466731697e-004	9.999795e-003	-1.066427e-001
4.261019466731697e-004	9.976041e-003	-1.060747e-001
4.271019466731697e-004	9.912916e-003	-1.050760e-001
4.281019466731697e-004	9.810668e-003	-1.036509e-001
4.291019466731697e-004	9.669703e-003	-1.018056e-001
4.301019466731698e-004	9.490577e-003	-9.954809e-002
4.311019466731698e-004	9.273994e-003	-9.688817e-002
4.321019466731698e-004	9.020812e-003	-9.383728e-002
4.331019466731698e-004	8.732028e-003	-9.040851e-002
4.341019466731699e-004	8.408784e-003	-8.661655e-002
4.351019466731699e-004	8.052354e-003	-8.247758e-002
4.361019466731699e-004	7.664145e-003	-7.800920e-002
4.371019466731699e-004	7.245688e-003	-7.323033e-002
4.381019466706056e-004	6.798637e-003	-6.816112e-002
4.391019466706056e-004	6.324754e-003	-6.282286e-002
4.401019466706056e-004	5.825911e-003	-5.723789e-002
4.411019466706056e-004	5.304075e-003	-5.142944e-002
4.421019466706057e-004	4.761307e-003	-4.542156e-002
4.431019466706057e-004	4.199747e-003	-3.923903e-002
4.441019466706057e-004	3.621614e-003	-3.290716e-002
4.451019466706057e-004	3.029187e-003	-2.645177e-002
4.461019466706058e-004	2.424806e-003	-1.989904e-002
4.471019466706058e-004	1.810855e-003	-1.327536e-002
4.481019466706058e-004	1.189757e-003	-6.607275e-003
4.491019466706058e-004	5.639642e-004	7.865675e-005
4.501019466706058e-004	-6.405455e-005	6.755969e-003
4.511019466706059e-004	-6.918205e-004	1.339839e-002
4.521019466706059e-004	-1.316856e-003	1.997994e-002
4.531019466706059e-004	-1.936695e-003	2.647505e-002
4.541019466706059e-004	-2.548890e-003	3.285863e-002
4.551019466706060e-004	-3.151026e-003	3.910616e-002
4.561019466706060e-004	-3.740727e-003	4.519381e-002
4.571019466706060e-004	-4.315664e-003	5.109848e-002
4.581019466706060e-004	-4.873569e-003	5.679790e-002
4.591019466706061e-004	-5.412241e-003	6.227070e-002
4.601019466706061e-004	-5.929553e-003	6.749646e-002
4.611019466706061e-004	-6.423464e-003	7.245579e-002
4.621019466706061e-004	-6.892025e-003	7.713040e-002
4.631019466696507e-004	-7.333385e-003	8.150309e-002
4.641019466696507e-004	-7.745804e-003	8.555787e-002
4.651019466696507e-004	-8.127654e-003	8.927997e-002
4.661019466696507e-004	-8.477428e-003	9.265588e-002
4.671019466696508e-004	-8.793745e-003	9.567338e-002
4.681019466696508e-004	-9.075358e-003	9.832159e-002
4.691019466696508e-004	-9.321154e-003	1.005910e-001
4.701019466696508e-004	-9.530164e-003	1.024734e-001
4.711019466696509e-004	-9.701563e-003	1.039621e-001
4.721019466696509e-004	-9.834673e-003	1.050516e-001
4.731019466696509e-004	-9.928972e-003	1.057382e-001
4.741019466696509e-004	-9.984084e-003	1.060192e-001
4.751019466696509e-004	-9.999795e-003	1.058937e-001
4.761019466696510e-004	-9.976041e-003	1.053621e-001
4.771019466696510e-004	-9.912916e-003	1.044261e-001
4.781019466696510e-004	-9.810668e-003	1.030890e-001
4.791019466696510e-004	-9.669703e-003	1.013557e-001
4.801019466696511e-004	-9.490577e-003	9.923206e-002
4.811019466696511e-004	-9.273994e-003	9.672580e-002
4.821019466696511e-004	-9.020812e-003	9.384579e-002
4.831019466696511e-004	-8.732028e-003	9.060235e-002
4.841019466696512e-004	-8.408784e-003	8.700714e-002
4.851019466696512e-004	-8.052354e-003	8.307312e-002
4.861019466696512e-004	-7.664145e-003	7.881457e-002
4.871019466696512e-004	-7.245688e-003	7.424699e-002
4.881019466692949e-004	-6.798637e-003	6.938712e-002
4.891019466692950e-004	-6.324754e-003	6.425284e-002
4.901019466692950e-004	-5.825911e-003	5.886316e-002
4.911019466692950e-004	-5.304075e-003	5.323815e-002
4.921019466692950e-004	-4.761307e-003	4.739887e-002
4.931019466692951e-004	-4.199747e-003	4.136731e-002
4.941019466692951e-004	-3.621614e-003	3.516635e-002
4.951019466692951e-004	-3.029187e-003	2.881963e-002
4.961019466692951e-004	-2.424806e-003	2.235150e-002
4.971019466692952e-004	-1.810855e-003	1.578694e-002
4.981019466692952e-004	-1.189757e-003	9.151474e-003
4.991019466692952e-004	-5.639642e-004	2.471034e-003
5.001019466692952e-004	6.405454e-005	-4.228086e-003
5.011019466692953e-004	6.918205e-004	-1.091936e-002
5.021019466692953e-004	1.316856e-003	-1.757615e-002
5.031019466692953e-004	1.936695e-003	-2.417177e-002
5.041019466692953e-004	2.548890e-003	-3.067964e-002
5.051019466692954e-004	3.151026e-003	-3.707338e-002
5.061019466692954e-004	3.740727e-003	-4.332694e-002
5.071019466692954e-004	4.315664e-003	-4.941469e-002
5.081019466692954e-004	4.873569e-003	-5.531158e-002
5.091019466692955e-004	5.412241e-003	-6.099319e-002
5.101019466692955e-004	5.929553e-003	-6.643592e-002
5.111019466692955e-004	6.423464e-003	-7.161702e-002
5.121019466692955e-004	6.892025e-003	-7.651480e-002
5.131019466691625e-004	7.333385e-003	-8.110864e-002
5.141019466691625e-004	7.745804e-003	-8.537912e-002
5.151019466691626e-004	8.127654e-003	-8.930819e-002
5.161019466691626e-004	8.477428e-003	-9.287913e-002
5.171019466691626e-004	8.793745e-003	-9.607675e-002
5.181019466691626e-004	9.075358e-003	-9.888739e-002
5.191019466691627e-004	9.321154e-003	-1.012990e-001
5.201019466691627e-004	9.530164e-003	-1.033014e-001
5.211019466691627e-004	9.701563e-003	-1.048859e-001
5.221019466691627e-004	9.834673e-003	-1.060457e-001
5.231019466691628e-004	9.928972e-003	-1.067760e-001
5.241019466691628e-004	9.984084e-003	-1.070735e-001
5.251019466691628e-004	9.999795e-003	-1.069371e-001
5.261019466691628e-004	9.976041e-003	-1.063674e-001
5.271019466691629e-004	9.912916e-003	-1.053669e-001
5.281019466691629e-004	9.810668e-003	-1.039400e-001
5.291019466691629e-004	9.669703e-003	-1.020929e-001
5.301019466691629e-004	9.490577e-003	-9.983359e-002
5.311019466691630e-004	9.273994e-003	-9.717184e-002
5.321019466691630e-004	9.020812e-003	-9.411908e-002
5.331019466691630e-004	8.732028e-003	-9.068843e-002
5.341019466691630e-004	8.408784e-003	-8.689458e-002
5.351019466691631e-004	8.052354e-003	-8.275370e-002
5.361019466691631e-004	7.664145e-003	-7.828339e-002
5.371019466691631e-004	7.245688e-003	-7.350258e-002
5.381019466691131e-004	6.798637e-003	-6.843143e-002
5.391019466691132e-004	6.324754e-003	-6.309123e-002
5.401019466691132e-004	5.825911e-003	-5.750430e-002
5.411019466691132e-004	5.304075e-003	-5.169390e-002
5.421019466691132e-004	4.761307e-003	-4.568407e-002
5.431019466691133e-004	4.199747e-003	-3.949958e-002
5.441019466691133e-004	3.621614e-003	-3.316576e-002
5.451019466691133e-004	3.029187e-003	-2.670843e-002
5.461019466691133e-004	2.424806e-003	-2.015376e-002
5.471019466691134e-004	1.810855e-003	-1.352815e-002
5.481019466691134e-004	1.189757e-003	-6.858151e-003
5.491019466691134e-004	5.639642e-004	-1.703161e-004
5.501019466691134e-004	-6.405454e-005	6.508884e-003
5.511019466691135e-004	-6.918205e-004	1.315317e-002
5.521019466691135e-004	-1.316856e-003	1.973658e-002
5.531019466691135e-004	-1.936695e-003	2.623352e-002
5.541019466691135e-004	-2.548890e-003	3.261891e-002
5.551019466691136e-004	-3.151026e-003	3.886822e-002
5.561019466691136e-004	-3.740727e-003	4.495763e-002
5.571019466691136e-004	-4.315664e-003	5.086403e-002
5.581019466691136e-004	-4.873569e-003	5.656516e-002
5.591019466691137e-004	-5.412241e-003	6.203964e-002
5.601019466691137e-004	-5.929553e-003	6.726705e-002
5.611019466691137e-004	-6.423464e-003	7.222800e-002
5.621019466691137e-004	-6.892025e-003	7.690418e-002
5.631019466690948e-004	-7.333385e-003	8.127841e-002
5.641019466690948e-004	-7.745804e-003	8.533472e-002
5.651019466690948e-004	-8.127654e-003	8.905829e-002
5.661019466690949e-004	-8.477428e-003	9.243566e-002
5.671019466690949e-004	-8.793745e-003	9.545457e-002
5.681019466690949e-004	-9.075358e-003	9.810416e-002
5.691019466690949e-004	-9.321154e-003	1.003749e-001
5.701019466690949e-004	-9.530164e-003	1.022586e-001
5.711019466690950e-004	-9.701563e-003	1.037485e-001
5.721019466690950e-004	-9.834673e-003	1.048393e-001
5.731019466690950e-004	-9.928972e-003	1.055271e-001
5.741019466690950e-004	-9.984084e-003	1.058093e-001
5.751019466690951e-004	-9.999795e-003	1.056850e-001
5.761019466690951e-004	-9.976041e-003	1.051544e-001
5.771019466690951e-004	-9.912916e-003	1.042195e-001
5.781019466690951e-004	-9.810668e-003	1.028835e-001
5.791019466690952e-004	-9.669703e-003	1.011511e-001
5.801019466690952e-004	-9.490577e-003	9.902846e-002
5.811019466690952e-004	-9.273994e-003	9.652314e-002
5.821019466690952e-004	-9.020812e-003	9.364405e-002
5.831019466690953e-004	-8.732028e-003	9.040150e-002
5.841019466690953e-004	-8.408784e-003	8.680715e-002
5.851019466690953e-004	-8.052354e-003	8.287398e-002
5.861019466690953e-004	-7.664145e-003	7.861625e-002
5.871019466690954e-004	-7.245688e-003	7.404947e-002
5.881019466690879e-004	-6.798637e-003	6.919038e-002
5.891019466690879e-004	-6.324754e-003	6.405687e-002
5.901019466690880e-004	-5.825911e-003	5.866794e-002
5.911019466690880e-004	-5.304075e-003	5.304366e-002
5.921019466690880e-004	-4.761307e-003	4.720510e-002
5.931019466690880e-004	-4.199747e-003	4.117425e-002
5.941019466690881e-004	-3.621614e-003	3.497399e-002
5.951019466690881e-004	-3.029187e-003	2.862796e-002
5.961019466690881e-004	-2.424806e-003	2.216051e-002
5.971019466690881e-004	-1.810855e-003	1.559664e-002
5.981019466690881e-004	-1.189757e-003	8.961841e-003
5.991019466690882e-004	-5.639642e-004	2.282077e-003
6.001019466690882e-004	6.405454e-005	-4.416369e-003
6.011019466690882e-004	6.918205e-004	-1.110697e-002
6.021019466690882e-004	1.316856e-003	-1.776308e-002
6.031019466690883e-004	1.936695e-003	-2.435801e-002
6.041019466690883e-004	2.548890e-003	-3.086519e-002
6.051019466690883e-004	3.151026e-003	-3.725825e-002
6.061019466690883e-004	3.740727e-003	-4.351110e-002
6.071019466690884e-004	4.315664e-003	-4.959814e-002
6.081019466690884e-004	4.873569e-003	-5.549431e-002
6.091019466690884e-004	5.412241e-003	-6.117519e-002
6.101019466690884e-004	5.929553e-003	-6.661717e-002
6.111019466690885e-004	6.423464e-003	-7.179752e-002
6.121019466690885e-004	6.892025e-003	-7.669453e-002
6.131019466690854e-004	7.333385e-003	-8.128757e-002
6.141019466690854e-004	7.745804e-003	-8.555726e-002
6.151019466690854e-004	8.127654e-003	-8.948551e-002
6.161019466690854e-004	8.477428e-003	-9.305562e-002
6.171019466690855e-004	8.793745e-003	-9.625238e-002
6.181019466690855e-004	9.075358e-003	-9.906216e-002
6.191019466690855e-004	9.321154e-003	-1.014729e-001
6.201019466690855e-004	9.530164e-003	-1.034744e-001
6.211019466690856e-004	9.701563e-003	-1.050580e-001
6.221019466690856e-004	9.834673e-003	-1.062169e-001
6.231019466690856e-004	9.928972e-003	-1.069462e-001
6.241019466690856e-004	9.984084e-003	-1.072427e-001
6.251019466690857e-004	9.999795e-003	-1.071053e-001
6.261019466690857e-004	9.976041e-003	-1.065346e-001
6.271019466690857e-004	9.912916e-003	-1.055332e-001
6.281019466690857e-004	9.810668e-003	-1.041052e-001
6.291019466690858e-004	9.669703e-003	-1.022571e-001
6.301019466690858e-004	9.490577e-003	-9.999676e-002
6.311019466690858e-004	9.273994e-003	-9.733395e-002
6.321019466690858e-004	9.020812e-003	-9.428012e-002
6.331019466690859e-004	8.732028e-003	-9.084840e-002
6.341019466690859e-004	8.408784e-003	-8.705346e-002
6.351019466690859e-004	8.052354e-003	-8.291148e-002
6.361019466690859e-004	7.664145e-003	-7.844007e-002
6.371019466690860e-004	7.245688e-003	-7.365815e-002
6.381019466690845e-004	6.798637e-003	-6.858590e-002
6.391019466690845e-004	6.324754e-003	-6.324457e-002
6.401019466690845e-004	5.825911e-003	-5.765653e-002
6.411019466690845e-004	5.304075e-003	-5.184500e-002
6.421019466690846e-004	4.761307e-003	-4.583406e-002
6.431019466690846e-004	4.199747e-003	-3.964844e-002
6.441019466690846e-004	3.621614e-003	-3.331351e-002
6.451019466690846e-004	3.029187e-003	-2.685506e-002
6.461019466690847e-004	2.424806e-003	-2.029928e-002
6.471019466690847e-004	1.810855e-003	-1.367257e-002
6.481019466690847e-004	1.189757e-003	-7.001469e-003
6.491019466690847e-004	5.639642e-004	-3.125439e-004
6.501019466690848e-004	-6.405454e-005	6.367738e-003
6.511019466690848e-004	-6.918205e-004	1.301310e-002
6.521019466690848e-004	-1.316856e-003	1.959757e-002
6.531019466690848e-004	-1.936695e-003	2.609556e-002
6.541019466690848e-004	-2.548890e-003	3.248198e-002
6.551019466690849e-004	-3.151026e-003	3.873232e-002
6.561019466690849e-004	-3.740727e-003	4.482274e-002
6.571019466690849e-004	-4.315664e-003	5.073014e-002
6.581019466690849e-004	-4.873569e-003	5.643224e-002
6.591019466690850e-004	-5.412241e-003	6.190768e-002
6.601019466690850e-004	-5.929553e-003	6.713603e-002
6.611019466690850e-004	-6.423464e-003	7.209790e-002
6.621019466690850e-004	-6.892025e-003	7.677499e-002
6.631019466690841e-004	-7.333385e-003	8.115012e-002
6.641019466690841e-004	-7.745804e-003	8.520728e-002
6.651019466690841e-004	-8.127654e-003	8.893172e-002
6.661019466690842e-004	-8.477428e-003	9.230991e-002
6.671019466690842e-004	-8.793745e-003	9.532963e-002
6.681019466690842e-004	-9.075358e-003	9.798001e-002
6.691019466690842e-004	-9.321154e-003	1.002515e-001
6.701019466690843e-004	-9.530164e-003	1.021360e-001
6.711019466690843e-004	-9.701563e-003	1.036266e-001
6.721019466690843e-004	-9.834673e-003	1.047181e-001
6.731019466690843e-004	-9.928972e-003	1.054066e-001
6.741019466690844e-004	-9.984084e-003	1.056895e-001
6.751019466690844e-004	-9.999795e-003	1.055658e-001
6.761019466690844e-004	-9.976041e-003	1.050358e-001
6.771019466690844e-004	-9.912916e-003	1.041015e-001
6.781019466690845e-004	-9.810668e-003	1.027661e-001
6.791019466690845e-004	-9.669703e-003	1.010343e-001
6.801019466690845e-004	-9.490577e-003	9.891224e-002
6.811019466690845e-004	-9.273994e-003	9.640746e-002
6.821019466690846e-004	-9.020812e-003	9.352890e-002
6.831019466690846e-004	-8.732028e-003	9.028686e-002
6.841019466690846e-004	-8.408784e-003	8.669300e-002
6.851019466690846e-004	-8.052354e-003	8.276032e-002
6.861019466690846e-004	-7.664145e-003	7.850306e-002
6.871019466690847e-004	-7.245688e-003	7.393674e-002
6.881019466690839e-004	-6.798637e-003	6.907810e-002
6.891019466690840e-004	-6.324754e-003	6.394502e-002
6.901019466690840e-004	-5.825911e-003	5.855652e-002
6.911019466690840e-004	-5.304075e-003	5.293266e-002
6.921019466690840e-004	-4.761307e-003	4.709451e-002
6.931019466690841e-004	-4.199747e-003	4.106407e-002
6.941019466690841e-004	-3.621614e-003	3.486421e-002
6.951019466690841e-004	-3.029187e-003	2.851857e-002
6.961019466690841e-004	-2.424806e-003	2.205152e-002
6.971019466690842e-004	-1.810855e-003	1.548803e-002
6.981019466690842e-004	-1.189757e-003	8.853626e-003
6.991019466690842e-004	-5.639642e-004	2.174248e-003
7.001019466690842e-004	6.405454e-005	-4.523811e-003
7.011019466690843e-004	6.918205e-004	-1.121403e-002
7.021019466690843e-004	1.316856e-003	-1.786974e-002
7.031019466690843e-004	1.936695e-003	-2.446429e-002
7.041019466690843e-004	2.548890e-003	-3.097107e-002
7.051019466690844e-004	3.151026e-003	-3.736372e-002
7.061019466690844e-004	3.740727e-003	-4.361618e-002
7.071019466690844e-004	4.315664e-003	-4.970282e-002
7.081019466690844e-004	4.873569e-003	-5.559856e-002
7.091019466690844e-004	5.412241e-003	-6.127902e-002
7.101019466690845e-004	5.929553e-003	-6.672058e-002
7.111019466690845e-004	6.423464e-003	-7.190049e-002
7.121019466690845e-004	6.892025e-003	-7.679705e-002
7.131019466690839e-004	7.333385e-003	-8.138965e-002
7.141019466690839e-004	7.745804e-003	-8.565889e-002
7.151019466690839e-004	8.127654e-003	-8.958666e-002
7.161019466690840e-004	8.477428e-003	-9.315629e-002
7.171019466690840e-004	8.793745e-003	-9.635258e-002
7.181019466690840e-004	9.075358e-003	-9.916186e-002
7.191019466690840e-004	9.321154e-003	-1.015721e-001
7.201019466690841e-004	9.530164e-003	-1.035731e-001
7.211019466690841e-004	9.701563e-003	-1.051561e-001
7.221019466690841e-004	9.834673e-003	-1.063145e-001
7.231019466690841e-004	9.928972e-003	-1.070432e-001
7.241019466690842e-004	9.984084e-003	-1.073393e-001
7.251019466690842e-004	9.999795e-003	-1.072013e-001
7.261019466690842e-004	9.976041e-003	-1.066300e-001
7.271019466690842e-004	9.912916e-003	-1.056280e-001
7.281019466690843e-004	9.810668e-003	-1.041995e-001
7.291019466690843e-004	9.669703e-003	-1.023508e-001
7.301019466690843e-004	9.490577e-003	-1.000898e-001
7.311019466690843e-004	9.273994e-003	-9.742638e-002
7.321019466690844e-004	9.020812e-003	-9.437194e-002
7.331019466690844e-004	8.732028e-003	-9.093961e-002
7.341019466690844e-004	8.408784e-003	-8.714405e-002
7.351019466690844e-004	8.052354e-003	-8.300145e-002
7.361019466690845e-004	7.664145e-003	-7.852940e-002
7.371019466690845e-004	7.245688e-003	-7.374685e-002
7.381019466690839e-004	6.798637e-003	-6.867395e-002
7.391019466690839e-004	6.324754e-003	-6.333199e-002
7.401019466690839e-004	5.825911e-003	-5.774331e-002
7.411019466690839e-004	5.304075e-003	-5.193114e-002
7.421019466690840e-004	4.761307e-003	-4.591955e-002
7.431019466690840e-004	4.199747e-003	-3.973329e-002
7.441019466690840e-004	3.621614e-003	-3.339772e-002
7.451019466690840e-004	3.029187e-003	-2.693863e-002
7.461019466690840e-004	2.424806e-003	-2.038221e-002
7.471019466690841e-004	1.810855e-003	-1.375487e-002
7.481019466690841e-004	1.189757e-003	-7.083141e-003
7.491019466690841e-004	5.639642e-004	-3.935900e-004
7.501019466690841e-004	-6.405454e-005	6.287312e-003
7.511019466690842e-004	-6.918205e-004	1.293329e-002
7.521019466690842e-004	-1.316856e-003	1.951837e-002
7.531019466690842e-004	-1.936695e-003	2.601696e-002
7.541019466690842e-004	-2.548890e-003	3.240397e-002
7.551019466690843e-004	-3.151026e-003	3.865490e-002
7.561019466690843e-004	-3.740727e-003	4.474589e-002
7.571019466690843e-004	-4.315664e-003	5.065386e-002
7.581019466690843e-004	-4.873569e-003	5.635653e-002
7.591019466690844e-004	-5.412241e-003	6.183251e-002
7.601019466690844e-004	-5.929553e-003	6.706140e-002
7.611019466690844e-004	-6.423464e-003	7.202381e-002
7.621019466690844e-004	-6.892025e-003	7.670143e-002
7.631019466690839e-004	-7.333385e-003	8.107705e-002
7.641019466690839e-004	-7.745804e-003	8.513472e-002
7.651019466690840e-004	-8.127654e-003	8.885965e-002
7.661019466690840e-004	-8.477428e-003	9.223831e-002
7.671019466690840e-004	-8.793745e-003	9.525850e-002
7.681019466690840e-004	-9.075358e-003	9.790933e-002
7.691019466690841e-004	-9.321154e-003	1.001813e-001
7.701019466690841e-004	-9.530164e-003	1.020662e-001
7.711019466690841e-004	-9.701563e-003	1.035572e-001
7.721019466690841e-004	-9.834673e-003	1.046492e-001
7.731019466690842e-004	-9.928972e-003	1.053380e-001
7.741019466690842e-004	-9.984084e-003	1.056213e-001
7.751019466690842e-004	-9.999795e-003	1.054979e-001
7.761019466690842e-004	-9.976041e-003	1.049684e-001
7.771019466690843e-004	-9.912916e-003	1.040344e-001
7.781019466690843e-004	-9.810668e-003	1.026993e-001
7.791019466690843e-004	-9.669703e-003	1.009678e-001
7.801019466690843e-004	-9.490577e-003	9.884610e-002
7.811019466690844e-004	-9.273994e-003	9.634162e-002
7.821019466690844e-004	-9.020812e-003	9.346337e-002
7.831019466690844e-004	-8.732028e-003	9.022163e-002
7.841019466690844e-004	-8.408784e-003	8.662806e-002
7.851019466690845e-004	-8.052354e-003	8.269565e-002
7.861019466690845e-004	-7.664145e-003	7.843865e-002
7.871019466690845e-004	-7.245688e-003	7.387260e-002
7.881019466690839e-004	-6.798637e-003	6.901421e-002
7.891019466690839e-004	-6.324754e-003	6.388138e-002
7.901019466690839e-004	-5.825911e-003	5.849313e-002
7.911019466690839e-004	-5.304075e-003	5.286951e-002
7.921019466690840e-004	-4.761307e-003	4.703160e-002
7.931019466690840e-004	-4.199747e-003	4.100139e-002
7.941019466690840e-004	-3.621614e-003	3.480176e-002
7.951019466690840e-004	-3.029187e-003	2.845635e-002
7.961019466690841e-004	-2.424806e-003	2.198952e-002
7.971019466690841e-004	-1.810855e-003	1.542626e-002
7.981019466690841e-004	-1.189757e-003	8.792072e-003
7.991019466690841e-004	-5.639642e-004	2.112916e-003
8.001019466690842e-004	6.405454e-005	-4.584922e-003
8.011019466690842e-004	6.918205e-004	-1.127492e-002
8.021019466690842e-004	1.316856e-003	-1.793041e-002
8.031019466690842e-004	1.936695e-003	-2.452473e-002
8.041019466690843e-004	2.548890e-003	-3.103129e-002
8.051019466690843e-004	3.151026e-003	-3.742371e-002
8.061019466690843e-004	3.740727e-003	-4.367594e-002
8.071019466690843e-004	4.315664e-003	-4.976234e-002
8.081019466690844e-004	4.873569e-003	-5.565785e-002
8.091019466690844e-004	5.412241e-003	-6.133807e-002
8.101019466690844e-004	5.929553e-003	-6.677938e-002
8.111019466690844e-004	6.423464e-003	-7.195904e-002
8.121019466690845e-004	6.892025e-003	-7.685535e-002
8.131019466690838e-004	7.333385e-003	-8.144769e-002
8.141019466690839e-004	7.745804e-003	-8.571666e-002
8.151019466690839e-004	8.127654e-003	-8.964417e-002
8.161019466690839e-004	8.477428e-003	-9.321353e-002
8.171019466690839e-004	8.793745e-003	-9.640953e-002
8.181019466690840e-004	9.075358e-003	-9.921853e-002
8.191019466690840e-004	9.321154e-003	-1.016285e-001
8.201019466690840e-004	9.530164e-003	-1.036292e-001
8.211019466690840e-004	9.701563e-003	-1.052119e-001
8.221019466690841e-004	9.834673e-003	-1.063700e-001
8.231019466690841e-004	9.928972e-003	-1.070984e-001
8.241019466690841e-004	9.984084e-003	-1.073941e-001
8.251019466690841e-004	9.999795e-003	-1.072558e-001
8.261019466690841e-004	9.976041e-003	-1.066843e-001
8.271019466690842e-004	9.912916e-003	-1.056819e-001
8.281019466690842e-004	9.810668e-003	-1.042530e-001
8.291019466690842e-004	9.669703e-003	-1.024040e-001
8.301019466690842e-004	9.490577e-003	-1.001427e-001
8.311019466690843e-004	9.273994e-003	-9.747890e-002
8.321019466690843e-004	9.020812e-003	-9.442411e-002
8.331019466690843e-004	8.732028e-003	-9.099142e-002
8.341019466690843e-004	8.408784e-003	-8.719550e-002
8.351019466690844e-004	8.052354e-003	-8.305255e-002
8.361019466690844e-004	7.664145e-003	-7.858014e-002
8.371019466690844e-004	7.245688e-003	-7.379722e-002
8.381019466690839e-004	6.798637e-003	-6.872395e-002
8.391019466690839e-004	6.324754e-003	-6.338163e-002
8.401019466690839e-004	5.825911e-003	-5.779257e-002
8.411019466690840e-004	5.304075e-003	-5.198004e-002
8.421019466690840e-004	4.761307e-003	-4.596808e-002
8.431019466690840e-004	4.199747e-003	-3.978146e-002
8.441019466690840e-004	3.621614e-003	-3.344551e-002
8.451019466690841e-004	3.029187e-003	-2.698606e-002
8.461019466690841e-004	2.424806e-003	-2.042928e-002
8.471019466690841e-004	1.810855e-003	-1.380157e-002
8.481019466690841e-004	1.189757e-003	-7.129483e-003
8.491019466690842e-004	5.639642e-004	-4.395740e-004
8.501019466690842e-004	-6.405454e-005	6.241684e-003
8.511019466690842e-004	-6.918205e-004	1.288801e-002
8.521019466690842e-004	-1.316856e-003	1.947344e-002
8.531019466690843e-004	-1.936695e-003	2.597237e-002
8.541019466690843e-004	-2.548890e-003	3.235973e-002
8.551019466690843e-004	-3.151026e-003	3.861099e-002
8.561019466690843e-004	-3.740727e-003	4.470232e-002
8.571019466690844e-004	-4.315664e-003	5.061061e-002
8.581019466690844e-004	-4.873569e-003	5.631360e-002
8.591019466690844e-004	-5.412241e-003	6.178990e-002
8.601019466690844e-004	-5.929553e-003	6.701910e-002
8.611019466690845e-004	-6.423464e-003	7.198181e-002
8.621019466690845e-004	-6.892025e-003	7.665972e-002
8.631019466690839e-004	-7.333385e-003	8.103565e-002
8.641019466690839e-004	-7.745804e-003	8.509360e-002
8.651019466690839e-004	-8.127654e-003	8.881880e-002
8.661019466690839e-004	-8.477428e-003	9.219773e-002
8.671019466690840e-004	-8.793745e-003	9.521819e-002
8.681019466690840e-004	-9.075358e-003	9.786928e-002
8.691019466690840e-004	-9.321154e-003	1.001415e-001
8.701019466690840e-004	-9.530164e-003	1.020266e-001
8.711019466690841e-004	-9.701563e-003	1.035179e-001
8.721019466690841e-004	-9.834673e-003	1.046101e-001
8.731019466690841e-004	-9.928972e-003	1.052991e-001
8.741019466690841e-004	-9.984084e-003	1.055826e-001
8.751019466690841e-004	-9.999795e-003	1.054595e-001
8.761019466690842e-004	-9.976041e-003	1.049301e-001
8.771019466690842e-004	-9.912916e-003	1.039964e-001
8.781019466690842e-004	-9.810668e-003	1.026615e-001
8.791019466690842e-004	-9.669703e-003	1.009302e-001
8.801019466690843e-004	-9.490577e-003	9.880865e-002
8.811019466690843e-004	-9.273994e-003	9.630436e-002
8.821019466690843e-004	-9.020812e-003	9.342627e-002
8.831019466690843e-004	-8.732028e-003	9.018470e-002
8.841019466690844e-004	-8.408784e-003	8.659130e-002
8.851019466690844e-004	-8.052354e-003	8.265904e-002
8.861019466690844e-004	-7.664145e-003	7.840220e-002
8.871019466690844e-004	-7.245688e-003	7.383630e-002
8.881019466690838e-004	-6.798637e-003	6.897806e-002
8.891019466690838e-004	-6.324754e-003	6.384537e-002
8.901019466690839e-004	-5.825911e-003	5.845726e-002
8.911019466690839e-004	-5.304075e-003	5.283378e-002
8.921019466690839e-004	-4.761307e-003	4.699600e-002
8.931019466690839e-004	-4.199747e-003	4.096593e-002
8.941019466690840e-004	-3.621614e-003	3.476643e-002
8.951019466690840e-004	-3.029187e-003	2.842115e-002
8.961019466690840e-004	-2.424806e-003	2.195445e-002
8.971019466690840e-004	-1.810855e-003	1.539132e-002
8.981019466690841e-004	-1.189757e-003	8.757258e-003
8.991019466690841e-004	-5.639642e-004	2.078228e-003
9.001019466690841e-004	6.405454e-005	-4.619482e-003
9.011019466690841e-004	6.918205e-004	-1.130935e-002
9.021019466690842e-004	1.316856e-003	-1.796472e-002
9.031019466690842e-004	1.936695e-003	-2.455891e-002
9.041019466690842e-004	2.548890e-003	-3.106534e-002
9.051019466690842e-004	3.151026e-003	-3.745763e-002
9.061019466690843e-004	3.740727e-003	-4.370972e-002
9.071019466690843e-004	4.315664e-003	-4.979599e-002
9.081019466690843e-004	4.873569e-003	-5.569137e-002
9.091019466690843e-004	5.412241e-003	-6.137145e-002
9.101019466690843e-004	5.929553e-003	-6.681261e-002
9.111019466690844e-004	6.423464e-003	-7.199214e-002
9.121019466690844e-004	6.892025e-003	-7.688830e-002
9.131019466690839e-004	7.333385e-003	-8.148049e-002
9.141019466690839e-004	7.745804e-003	-8.574931e-002
9.151019466690839e-004	8.127654e-003	-8.967667e-002
9.161019466690840e-004	8.477428e-003	-9.324587e-002
9.171019466690840e-004	8.793745e-003	-9.644172e-002
9.181019466690840e-004	9.075358e-003	-9.925055e-002
9.191019466690840e-004	9.321154e-003	-1.016604e-001
9.201019466690840e-004	9.530164e-003	-1.036609e-001
9.211019466690841e-004	9.701563e-003	-1.052434e-001
9.221019466690841e-004	9.834673e-003	-1.064013e-001
9.231019466690841e-004	9.928972e-003	-1.071296e-001
9.241019466690841e-004	9.984084e-003	-1.074251e-001
9.251019466690842e-004	9.999795e-003	-1.072866e-001
9.261019466690842e-004	9.976041e-003	-1.067149e-001
9.271019466690842e-004	9.912916e-003	-1.057123e-001
9.281019466690842e-004	9.810668e-003	-1.042833e-001
9.291019466690843e-004	9.669703e-003	-1.024340e-001
9.301019466690843e-004	9.490577e-003	-1.001725e-001
9.311019466690843e-004	9.273994e-003	-9.750853e-002
9.321019466690843e-004	9.020812e-003	-9.445355e-002
9.331019466690844e-004	8.732028e-003	-9.102066e-002
9.341019466690844e-004	8.408784e-003	-8.722453e-002
9.351019466690844e-004	8.052354e-003	-8.308136e-002
9.361019466690844e-004	7.664145e-003	-7.860875e-002
9.371019466690845e-004	7.245688e-003	-7.382563e-002
9.381019466690838e-004	6.798637e-003	-6.875215e-002
9.391019466690839e-004	6.324754e-003	-6.340961e-002
9.401019466690839e-004	5.825911e-003	-5.782035e-002
9.411019466690839e-004	5.304075e-003	-5.200760e-002
9.421019466690839e-004	4.761307e-003	-4.599543e-002
9.431019466690840e-004	4.199747e-003	-3.980860e-002
9.441019466690840e-004	3.621614e-003	-3.347245e-002
9.451019466690840e-004	3.029187e-003	-2.701279e-002
9.461019466690840e-004	2.424806e-003	-2.045579e-002
9.471019466690841e-004	1.810855e-003	-1.382788e-002
9.481019466690841e-004	1.189757e-003	-7.155581e-003
9.491019466690841e-004	5.639642e-004	-4.654673e-004
9.501019466690841e-004	-6.405454e-005	6.215994e-003
9.511019466690842e-004	-6.918205e-004	1.286253e-002
9.521019466690842e-004	-1.316856e-003	1.944815e-002
9.531019466690842e-004	-1.936695e-003	2.594728e-002
9.541019466690842e-004	-2.548890e-003	3.233483e-002
9.551019466690842e-004	-3.151026e-003	3.858629e-002
9.561019466690843e-004	-3.740727e-003	4.467781e-002
9.571019466690843e-004	-4.315664e-003	5.058629e-002
9.581019466690843e-004	-4.873569e-003	5.628946e-002
9.591019466690843e-004	-5.412241e-003	6.176594e-002
9.601019466690844e-004	-5.929553e-003	6.699532e-002
9.611019466690844e-004	-6.423464e-003	7.195821e-002
9.621019466690844e-004	-6.892025e-003	7.663628e-002
9.631019466690838e-004	-7.333385e-003	8.101238e-002
9.641019466690838e-004	-7.745804e-003	8.507049e-002
9.651019466690838e-004	-8.127654e-003	8.879585e-002
9.661019466690839e-004	-8.477428e-003	9.217494e-002
9.671019466690839e-004	-8.793745e-003	9.519555e-002
9.681019466690839e-004	-9.075358e-003	9.784679e-002
9.691019466690839e-004	-9.321154e-003	1.001191e-001
9.701019466690840e-004	-9.530164e-003	1.020044e-001
9.711019466690840e-004	-9.701563e-003	1.034959e-001
9.721019466690840e-004	-9.834673e-003	1.045881e-001
9.731019466690840e-004	-9.928972e-003	1.052773e-001
9.741019466690841e-004	-9.984084e-003	1.055610e-001
9.751019466690841e-004	-9.999795e-003	1.054379e-001
9.761019466690841e-004	-9.976041e-003	1.049087e-001
9.771019466690840e-004	-9.912916e-003	1.039751e-001
9.781019466690839e-004	-9.810668e-003	1.026403e-001
9.791019466690839e-004	-9.669703e-003	1.009091e-001
9.801019466690838e-004	-9.490577e-003	9.878766e-002
9.811019466690837e-004	-9.273994e-003	9.628347e-002
9.821019466690836e-004	-9.020812e-003	9.340548e-002
9.831019466690835e-004	-8.732028e-003	9.016400e-002
9.841019466690834e-004	-8.408784e-003	8.657069e-002
9.851019466690834e-004	-8.052354e-003	8.263852e-002
9.861019466690833e-004	-7.664145e-003	7.838177e-002
9.871019466690832e-004	-7.245688e-003	7.381596e-002
9.881019466690831e-004	-6.798637e-003	6.895780e-002
9.891019466690830e-004	-6.324754e-003	6.382520e-002
9.901019466690829e-004	-5.825911e-003	5.843716e-002
9.911019466690828e-004	-5.304075e-003	5.281376e-002
9.921019466690828e-004	-4.761307e-003	4.697606e-002
9.931019466690827e-004	-4.199747e-003	4.094607e-002
9.941019466690826e-004	-3.621614e-003	3.474664e-002
9.951019466690825e-004	-3.029187e-003	2.840143e-002
9.961019466690824e-004	-2.424806e-003	2.193481e-002
9.971019466690823e-004	-1.810855e-003	1.537175e-002
9.981019466690823e-004	-1.189757e-003	8.737763e-003
9.991019466690822e-004	-5.639642e-004	2.059031e-003
1.000000000000000e-003	-2.449294e-017	-3.957412e-003
