time	V(n002)
0.000000000000000e+000	5.637729e-001
1.123081473947823e-007	3.872410e-001
3.369244421843470e-007	5.456137e-003
7.369244421837062e-007	-7.249487e-001
1.136924442183065e-006	-1.458775e+000
1.536924442182425e-006	-2.115320e+000
1.936924442181784e-006	-2.626791e+000
2.189208641610596e-006	-2.839597e+000
2.360096142921611e-006	-2.909207e+000
2.571561693394744e-006	-2.915651e+000
2.766510082363033e-006	-2.842196e+000
3.083181821229158e-006	-2.573463e+000
3.483181821228518e-006	-2.051834e+000
3.883181821227877e-006	-1.383659e+000
4.283181821227236e-006	-6.482452e-001
4.683181821226595e-006	6.167679e-002
5.083181821225954e-006	6.712855e-001
5.483181821225314e-006	1.135615e+000
5.883181821224673e-006	1.444242e+000
6.283181821224032e-006	1.616362e+000
6.683181821223391e-006	1.701100e+000
6.733181821223094e-006	1.706083e+000
6.833181821222500e-006	1.710348e+000
7.033181821223047e-006	1.714518e+000
7.225152589124956e-006	1.715669e+000
7.404671255239678e-006	1.715702e+000
7.642269844966229e-006	1.715658e+000
7.812162528885586e-006	1.715627e+000
7.819096924146715e-006	1.715626e+000
7.832965714670709e-006	1.715624e+000
7.833399114373987e-006	1.715623e+000
7.834265913782279e-006	1.715623e+000
7.835999512597128e-006	1.715623e+000
7.839466710228560e-006	1.715621e+000
7.840333509636852e-006	1.715621e+000
7.848254663153196e-006	1.715616e+000
7.856175816669541e-006	1.715606e+000
7.864096970185885e-006	1.715591e+000
7.872018123702229e-006	1.715571e+000
7.879939277218573e-006	1.715547e+000
7.887860430734919e-006	1.715518e+000
7.895781584251263e-006	1.715484e+000
7.951256746347238e-006	1.715039e+000
8.062207070539187e-006	1.712580e+000
8.284107718923087e-006	1.696498e+000
8.684107718922446e-006	1.619904e+000
9.084107718921805e-006	1.452158e+000
9.484107718921164e-006	1.148786e+000
9.884107718920523e-006	6.887351e-001
1.028410771891988e-005	8.145401e-002
1.068410771891924e-005	-6.282789e-001
1.108410771891860e-005	-1.365376e+000
1.148410771891796e-005	-2.037830e+000
1.188410771891732e-005	-2.570558e+000
1.216934121623173e-005	-2.827892e+000
1.233543104791138e-005	-2.908826e+000
1.249250158894162e-005	-2.931419e+000
1.264721296212988e-005	-2.902048e+000
1.288957775616266e-005	-2.755085e+000
1.328191960031817e-005	-2.335584e+000
1.368191960031753e-005	-1.735569e+000
1.408191960031689e-005	-1.021674e+000
1.448191960031625e-005	-2.879744e-001
1.488191960031561e-005	3.799294e-001
1.528191960031497e-005	9.210064e-001
1.568191960031433e-005	1.307410e+000
1.608191960031369e-005	1.544216e+000
1.648191960031305e-005	1.677775e+000
1.653191960031275e-005	1.687058e+000
1.663191960031216e-005	1.697070e+000
1.683191960031270e-005	1.710759e+000
1.687162516482432e-005	1.712415e+000
1.695103629384930e-005	1.714298e+000
1.697088907610597e-005	1.714647e+000
1.701059464061759e-005	1.715083e+000
1.709000576964256e-005	1.715517e+000
1.724882802769077e-005	1.715724e+000
1.743400017321754e-005	1.715717e+000
1.765405038745352e-005	1.715677e+000
1.783007717954567e-005	1.715645e+000
1.783030056379947e-005	1.715645e+000
1.783074733230708e-005	1.715645e+000
1.783164086932229e-005	1.715644e+000
1.783186425357609e-005	1.715644e+000
1.783231102208370e-005	1.715644e+000
1.783320455909891e-005	1.715644e+000
1.783342794335271e-005	1.715644e+000
1.783359548154437e-005	1.715644e+000
1.783381886579817e-005	1.715644e+000
1.783428308619987e-005	1.715644e+000
1.784245157023513e-005	1.715640e+000
1.785062005427039e-005	1.715631e+000
1.785878853830564e-005	1.715617e+000
1.786695702234090e-005	1.715598e+000
1.787512550637616e-005	1.715574e+000
1.788329399041142e-005	1.715546e+000
1.789146247444667e-005	1.715513e+000
1.794864884345146e-005	1.715059e+000
1.806302158146103e-005	1.712483e+000
1.829176705747844e-005	1.695583e+000
1.869176705747780e-005	1.617584e+000
1.909176705747716e-005	1.447438e+000
1.949176705747652e-005	1.141022e+000
1.989176705747588e-005	6.777849e-001
2.029176705747524e-005	6.784882e-002
2.069176705747459e-005	-6.433501e-001
2.109176705747395e-005	-1.380237e+000
2.149176705747331e-005	-2.050616e+000
2.189176705747267e-005	-2.580420e+000
2.217223071166591e-005	-2.831126e+000
2.233901956297073e-005	-2.909407e+000
2.251762579465362e-005	-2.929827e+000
2.267870018167473e-005	-2.891104e+000
2.294074504670396e-005	-2.713873e+000
2.334074504670332e-005	-2.258313e+000
2.374074504670268e-005	-1.636613e+000
2.414074504670204e-005	-9.137393e-001
2.454074504670140e-005	-1.845501e-001
2.494074504670076e-005	4.680399e-001
2.534074504670011e-005	9.873465e-001
2.574074504669947e-005	1.350809e+000
2.614074504669883e-005	1.567939e+000
2.654074504669819e-005	1.686148e+000
2.659074504669790e-005	1.694032e+000
2.669074504669730e-005	1.702095e+000
2.689074504669785e-005	1.710879e+000
2.717184533387353e-005	1.715289e+000
2.733854098055030e-005	1.715756e+000
2.751677594021139e-005	1.715723e+000
2.770996398274682e-005	1.715688e+000
2.782729130823905e-005	1.715667e+000
2.782780142704562e-005	1.715667e+000
2.782882166465876e-005	1.715666e+000
2.782907672406118e-005	1.715666e+000
2.782958684286775e-005	1.715666e+000
2.783060708048089e-005	1.715666e+000
2.783264755570718e-005	1.715665e+000
2.783672850615974e-005	1.715663e+000
2.783689588889415e-005	1.715663e+000
2.784622149832516e-005	1.715657e+000
2.785554710775617e-005	1.715643e+000
2.786487271718717e-005	1.715623e+000
2.787419832661818e-005	1.715596e+000
2.788352393604918e-005	1.715562e+000
2.789284954548019e-005	1.715522e+000
2.790217515491120e-005	1.715475e+000
2.796747036214187e-005	1.714828e+000
2.809806077660147e-005	1.711074e+000
2.835924160552068e-005	1.687714e+000
2.875924160552004e-005	1.596766e+000
2.915924160551940e-005	1.405876e+000
2.955924160551876e-005	1.073526e+000
2.995924160551812e-005	5.837168e-001
3.035924160551748e-005	-4.753818e-002
3.075924160551684e-005	-7.691699e-001
3.115924160551620e-005	-1.501598e+000
3.155924160551556e-005	-2.151310e+000
3.195924160551492e-005	-2.653730e+000
3.219756746299617e-005	-2.848857e+000
3.237046760476946e-005	-2.913719e+000
3.260176538764405e-005	-2.910226e+000
3.281566290528649e-005	-2.813761e+000
3.316270196713350e-005	-2.487298e+000
3.356270196713286e-005	-1.932193e+000
3.396270196713222e-005	-1.242807e+000
3.436270196713158e-005	-5.050064e-001
3.476270196713094e-005	1.905717e-001
3.516270196713030e-005	7.742831e-001
3.556270196712966e-005	1.207920e+000
3.596270196712902e-005	1.487595e+000
3.636270196712838e-005	1.637288e+000
3.676270196712773e-005	1.697963e+000
3.716270196712709e-005	1.714659e+000
3.732718399447263e-005	1.715780e+000
3.747931634741179e-005	1.715752e+000
3.767222416617075e-005	1.715717e+000
3.782552451083408e-005	1.715689e+000
3.782599188993305e-005	1.715689e+000
3.782692664813271e-005	1.715689e+000
3.782879616453030e-005	1.715688e+000
3.782926354362927e-005	1.715688e+000
3.783019830182893e-005	1.715688e+000
3.783043199137928e-005	1.715688e+000
3.783049041376600e-005	1.715688e+000
3.783050867076088e-005	1.715688e+000
3.783905398818206e-005	1.715683e+000
3.784759930560324e-005	1.715674e+000
3.785614462302442e-005	1.715659e+000
3.786468994044560e-005	1.715638e+000
3.787323525786679e-005	1.715613e+000
3.788178057528797e-005	1.715582e+000
3.789032589270915e-005	1.715546e+000
3.795015041745641e-005	1.715048e+000
3.806979946694919e-005	1.712178e+000
3.830909756593476e-005	1.693579e+000
3.870909756593412e-005	1.612253e+000
3.910909756593348e-005	1.436675e+000
3.950909756593284e-005	1.123401e+000
3.990909756593219e-005	6.530359e-001
4.030909756593155e-005	3.722249e-002
4.070909756593091e-005	-6.771242e-001
4.110909756593027e-005	-1.413349e+000
4.150909756592963e-005	-2.078854e+000
4.190909756592899e-005	-2.601922e+000
4.217875768722061e-005	-2.837872e+000
4.234712394483343e-005	-2.913415e+000
4.253201610178448e-005	-2.930020e+000
4.270213105511504e-005	-2.882654e+000
4.297879259907919e-005	-2.682454e+000
4.337879259907855e-005	-2.208245e+000
4.377879259907791e-005	-1.572713e+000
4.417879259907727e-005	-8.449745e-001
4.457879259907663e-005	-1.195581e-001
4.497879259907599e-005	5.225906e-001
4.537879259907535e-005	1.027820e+000
4.577879259907471e-005	1.376815e+000
4.617879259907406e-005	1.581775e+000
4.657879259907342e-005	1.690722e+000
4.662879259907313e-005	1.697785e+000
4.672879259907253e-005	1.704742e+000
4.692879259907308e-005	1.712175e+000
4.718615803136865e-005	1.715467e+000
4.735631015123296e-005	1.715797e+000
4.756688727287906e-005	1.715759e+000
4.781008170598455e-005	1.715714e+000
4.781495601935588e-005	1.715713e+000
4.782470464609681e-005	1.715712e+000
4.782500929068241e-005	1.715711e+000
4.782561857985361e-005	1.715711e+000
4.782577090214728e-005	1.715711e+000
4.782607554673288e-005	1.715711e+000
4.782617074816642e-005	1.715711e+000
4.782617291569894e-005	1.715713e+000
4.782617508323146e-005	1.715714e+000
4.782617725076399e-005	1.715714e+000
4.782617941829651e-005	1.715714e+000
4.782618158582903e-005	1.715714e+000
4.782618375336155e-005	1.715713e+000
4.782618592089408e-005	1.715712e+000
4.783732584857850e-005	1.715707e+000
4.784846577626294e-005	1.715692e+000
4.785960570394736e-005	1.715668e+000
4.787074563163179e-005	1.715635e+000
4.788188555931622e-005	1.715592e+000
4.789302548700065e-005	1.715540e+000
4.790416541468508e-005	1.715478e+000
4.798215442861943e-005	1.714556e+000
4.813813245648640e-005	1.708742e+000
4.845008851222209e-005	1.673816e+000
4.885008851222145e-005	1.563881e+000
4.925008851222081e-005	1.343441e+000
4.965008851222016e-005	9.756104e-001
5.005008851221952e-005	4.504573e-001
5.045008851221888e-005	-2.074815e-001
5.085008851221824e-005	-9.395928e-001
5.125008851221760e-005	-1.662355e+000
5.165008851221696e-005	-2.280701e+000
5.205008851221632e-005	-2.742706e+000
5.223144368482306e-005	-2.871898e+000
5.241246695275592e-005	-2.925020e+000
5.261743786547958e-005	-2.910794e+000
5.284115931120277e-005	-2.797597e+000
5.320387822324926e-005	-2.439516e+000
5.360387822324862e-005	-1.868143e+000
5.400387822324798e-005	-1.169234e+000
5.440387822324734e-005	-4.315864e-001
5.480387822324670e-005	2.554973e-001
5.520387822324606e-005	8.252235e-001
5.560387822324542e-005	1.242925e+000
5.600387822324478e-005	1.508015e+000
5.640387822324414e-005	1.646763e+000
5.680387822324350e-005	1.708741e+000
5.684575161859530e-005	1.711457e+000
5.692949840930064e-005	1.713488e+000
5.709699199070960e-005	1.715329e+000
5.728971773909589e-005	1.715825e+000
5.744939307696442e-005	1.715803e+000
5.766022656851153e-005	1.715765e+000
5.782177036805711e-005	1.715735e+000
5.782222414277456e-005	1.715735e+000
5.782313169220947e-005	1.715735e+000
5.782494679108102e-005	1.715734e+000
5.782540056579848e-005	1.715734e+000
5.782630811523339e-005	1.715734e+000
5.782634356638235e-005	1.715734e+000
5.783464135113952e-005	1.715730e+000
5.784293913589669e-005	1.715721e+000
5.785123692065386e-005	1.715707e+000
5.785953470541103e-005	1.715689e+000
5.786783249016821e-005	1.715665e+000
5.787613027492538e-005	1.715637e+000
5.788442805968255e-005	1.715604e+000
5.794251122356355e-005	1.715150e+000
5.805867755132553e-005	1.712540e+000
5.829101020684950e-005	1.695375e+000
5.869101020684886e-005	1.617254e+000
5.909101020684822e-005	1.446863e+000
5.949101020684758e-005	1.140187e+000
5.989101020684694e-005	6.766579e-001
6.029101020684630e-005	6.636985e-002
6.069101020684566e-005	-6.452660e-001
6.109101020684501e-005	-1.382686e+000
6.149101020684437e-005	-2.053679e+000
6.189101020684373e-005	-2.584064e+000
6.217194532511829e-005	-2.835548e+000
6.233866515567565e-005	-2.913982e+000
6.251699644799560e-005	-2.934564e+000
6.267767542824342e-005	-2.896177e+000
6.293908045288364e-005	-2.719819e+000
6.333908045288300e-005	-2.264820e+000
6.373908045288236e-005	-1.643363e+000
6.413908045288172e-005	-9.202381e-001
6.453908045288108e-005	-1.903454e-001
6.493908045288044e-005	4.632834e-001
6.533908045287980e-005	9.837964e-001
6.573908045287916e-005	1.348454e+000
6.613908045287852e-005	1.566615e+000
6.653908045287788e-005	1.685659e+000
6.658908045287758e-005	1.693624e+000
6.668908045287698e-005	1.701812e+000
6.688908045287753e-005	1.710778e+000
6.717121753629929e-005	1.715352e+000
6.733776133202411e-005	1.715847e+000
6.749743191029715e-005	1.715818e+000
6.767948439050618e-005	1.715785e+000
6.782026431484227e-005	1.715759e+000
6.782050211876813e-005	1.715759e+000
6.782097772661984e-005	1.715759e+000
6.782192894232500e-005	1.715759e+000
6.782216674625086e-005	1.715759e+000
6.782264235410257e-005	1.715759e+000
6.782359356980773e-005	1.715758e+000
6.782383137373359e-005	1.715758e+000
6.782389082471592e-005	1.715758e+000
6.782391683451960e-005	1.715758e+000
6.783261154057295e-005	1.715754e+000
6.784130624662630e-005	1.715745e+000
6.785000095267965e-005	1.715730e+000
6.785869565873301e-005	1.715710e+000
6.786739036478636e-005	1.715685e+000
6.787608507083971e-005	1.715655e+000
6.788477977689306e-005	1.715619e+000
6.794565758201122e-005	1.715118e+000
6.806741319224929e-005	1.712189e+000
6.831092441272370e-005	1.693157e+000
6.871092441272306e-005	1.611324e+000
6.911092441272242e-005	1.434862e+000
6.951092441272178e-005	1.120510e+000
6.991092441272113e-005	6.490149e-001
7.031092441272049e-005	3.220414e-002
7.071092441271985e-005	-6.828269e-001
7.111092441271921e-005	-1.419287e+000
7.151092441271857e-005	-2.084519e+000
7.191092441271793e-005	-2.607048e+000
7.217944486108234e-005	-2.841537e+000
7.234797706481659e-005	-2.916807e+000
7.253353077762981e-005	-2.932994e+000
7.270459722805329e-005	-2.884660e+000
7.298279568147478e-005	-2.681898e+000
7.338279568147414e-005	-2.205584e+000
7.378279568147350e-005	-1.568397e+000
7.418279568147286e-005	-8.398870e-001
7.458279568147222e-005	-1.145580e-001
7.498279568147158e-005	5.268375e-001
7.538279568147094e-005	1.030947e+000
7.578279568147030e-005	1.378774e+000
7.618279568146966e-005	1.582775e+000
7.658279568146902e-005	1.691028e+000
7.663279568146872e-005	1.698034e+000
7.673279568146812e-005	1.704925e+000
7.693279568146867e-005	1.712295e+000
7.718766010480181e-005	1.715538e+000
7.735817437277276e-005	1.715868e+000
7.756918900209825e-005	1.715829e+000
7.781420937554191e-005	1.715784e+000
7.781911997868825e-005	1.715784e+000
7.782034762947483e-005	1.715783e+000
7.782065454217148e-005	1.715783e+000
7.782126836756477e-005	1.715783e+000
7.782142182391309e-005	1.715783e+000
7.782143809439682e-005	1.715783e+000
7.782145436488053e-005	1.715783e+000
7.782147063536426e-005	1.715783e+000
7.782148690584797e-005	1.715783e+000
7.782150317633170e-005	1.715783e+000
7.782151944681541e-005	1.715783e+000
7.782153571729913e-005	1.715783e+000
7.783274899189495e-005	1.715778e+000
7.784396226649075e-005	1.715764e+000
7.785517554108657e-005	1.715740e+000
7.786638881568237e-005	1.715707e+000
7.787760209027819e-005	1.715664e+000
7.788881536487399e-005	1.715611e+000
7.790002863946981e-005	1.715549e+000
7.797859828981638e-005	1.714625e+000
7.813573759050951e-005	1.708772e+000
7.845001619189405e-005	1.673557e+000
7.885001619189341e-005	1.563446e+000
7.925001619189277e-005	1.342691e+000
7.965001619189213e-005	9.745109e-001
8.005001619189149e-005	4.489877e-001
8.045001619189085e-005	-2.093228e-001
8.085001619189021e-005	-9.417878e-001
8.125001619188957e-005	-1.664866e+000
8.165001619188893e-005	-2.283472e+000
8.205001619188829e-005	-2.745668e+000
8.223141678232251e-005	-2.874949e+000
8.241243361983841e-005	-2.928093e+000
8.261742544457204e-005	-2.913865e+000
8.284113910724152e-005	-2.800637e+000
8.320384561528310e-005	-2.442444e+000
8.360384561528246e-005	-1.870861e+000
8.400384561528182e-005	-1.171664e+000
8.440384561528118e-005	-4.336685e-001
8.480384561528054e-005	2.538022e-001
8.520384561527990e-005	8.239289e-001
8.560384561527926e-005	1.242017e+000
8.600384561527862e-005	1.507456e+000
8.640384561527797e-005	1.646491e+000
8.680384561527733e-005	1.708699e+000
8.684572152744749e-005	1.711434e+000
8.692947335178780e-005	1.713494e+000
8.709697700047016e-005	1.715377e+000
8.728969951954727e-005	1.715894e+000
8.744938901451838e-005	1.715876e+000
8.766022493899607e-005	1.715837e+000
8.781586903325658e-005	1.715809e+000
8.781677657899653e-005	1.715809e+000
8.781859167047469e-005	1.715808e+000
8.781904544334467e-005	1.715808e+000
8.781995298908461e-005	1.715808e+000
8.782017987551960e-005	1.715808e+000
8.782025077752956e-005	1.715808e+000
8.782854783212998e-005	1.715804e+000
8.783684488673038e-005	1.715796e+000
8.784514194133080e-005	1.715783e+000
8.785343899593121e-005	1.715765e+000
8.786173605053163e-005	1.715743e+000
8.787003310513204e-005	1.715716e+000
8.787833015973245e-005	1.715684e+000
8.793641308703706e-005	1.715245e+000
8.805257894164628e-005	1.712700e+000
8.828491065086298e-005	1.695827e+000
8.868491065086234e-005	1.618660e+000
8.908491065086170e-005	1.449778e+000
8.948491065086106e-005	1.145060e+000
8.988491065086042e-005	6.835625e-001
9.028491065085978e-005	7.487652e-002
9.068491065085914e-005	-6.360777e-001
9.108491065085850e-005	-1.374093e+000
9.148491065085786e-005	-2.047082e+000
9.188491065085722e-005	-2.580041e+000
9.216964426839863e-005	-2.836914e+000
9.233580743407341e-005	-2.917782e+000
9.249329794316745e-005	-2.940313e+000
9.264750895722311e-005	-2.910859e+000
9.289005893384217e-005	-2.763375e+000
9.328269408750631e-005	-2.342779e+000
9.368269408750567e-005	-1.741811e+000
9.408269408750503e-005	-1.026905e+000
9.448269408750439e-005	-2.922310e-001
9.488269408750374e-005	3.765813e-001
9.528269408750310e-005	9.184919e-001
9.568269408750246e-005	1.305653e+000
9.608269408750182e-005	1.543135e+000
9.648269408750118e-005	1.661690e+000
9.688269408750054e-005	1.706875e+000
9.716880758284946e-005	1.715361e+000
9.733476827176839e-005	1.715922e+000
9.749109928331064e-005	1.715894e+000
9.767694657628404e-005	1.715860e+000
9.780552963307813e-005	1.715836e+000
9.780931148768886e-005	1.715835e+000
9.781687519691204e-005	1.715834e+000
9.781876612421740e-005	1.715833e+000
9.782254797882813e-005	1.715832e+000
9.783011168805131e-005	1.715827e+000
9.783200261535667e-005	1.715826e+000
9.783247534718258e-005	1.715826e+000
9.783909359275221e-005	1.715819e+000
9.784665730197539e-005	1.715807e+000
9.786178472042176e-005	1.715773e+000
9.789203955731449e-005	1.715649e+000
9.795254923109995e-005	1.715098e+000
9.807356857866913e-005	1.712036e+000
9.831560727380923e-005	1.692635e+000
9.871560727380858e-005	1.609590e+000
9.911560727380794e-005	1.431432e+000
9.951560727380730e-005	1.114966e+000
9.991560727380666e-005	6.712161e-001
9.999999999999940e-005	5.582557e-001
