time	V(g1)	V(out)
0.000000000000000e+000	0.000000e+000	3.148880e-014
9.999999960041972e-012	6.911504e-008	-5.221483e-013
1.999999992008394e-011	1.382301e-007	-3.755070e-012
1.999999992008395e-010	1.382301e-006	-1.907092e-009
3.799999984815950e-010	2.626372e-006	-1.004698e-008
5.599999977623506e-010	3.870442e-006	-2.442341e-008
7.399999970431061e-010	5.114513e-006	-4.503640e-008
9.199999963238616e-010	6.358584e-006	-7.188594e-008
1.099999995604617e-009	7.602654e-006	-1.049720e-007
1.279999994885372e-009	8.846725e-006	-1.442947e-007
1.023999995908298e-008	7.077380e-005	-1.004659e-005
2.047999991816596e-008	1.415476e-004	-4.000434e-005
4.095999983633192e-008	2.830951e-004	-1.538328e-004
7.736101941136337e-008	5.346804e-004	-5.067593e-004
1.301506993881582e-007	8.995346e-004	-1.329971e-003
2.065085766887086e-007	1.427275e-003	-3.096242e-003
3.087794464748447e-007	2.134097e-003	-6.361133e-003
4.472493136492560e-007	3.091064e-003	-1.209420e-002
6.283848199179572e-007	4.342802e-003	-2.129290e-002
8.699945290338323e-007	6.012222e-003	-3.561828e-002
1.191106095081096e-006	8.230413e-003	-5.688707e-002
1.634237719301203e-006	1.129008e-002	-8.847946e-002
2.267183461005045e-006	1.565640e-002	-1.356799e-001
3.248383230674849e-006	2.241226e-002	-2.107432e-001
4.248383230674848e-006	2.927562e-002	-2.884515e-001
5.248383230674848e-006	3.611008e-002	-3.671038e-001
6.248383230674848e-006	4.290891e-002	-4.465295e-001
7.248383230674848e-006	4.966539e-002	-5.265973e-001
8.248383230674848e-006	5.637286e-002	-6.071697e-001
9.248383230674849e-006	6.302469e-002	-6.881054e-001
1.024838323067485e-005	6.961434e-002	-7.692590e-001
1.124838323067485e-005	7.613527e-002	-8.504819e-001
1.224838323067485e-005	8.258107e-002	-9.316289e-001
1.315645236768524e-005	8.836386e-002	-1.005110e+000
1.415645236768524e-005	9.464872e-002	-1.085655e+000
1.515645236768524e-005	1.008402e-001	-1.165672e+000
1.615645236768524e-005	1.069321e-001	-1.244994e+000
1.715645236768525e-005	1.129185e-001	-1.323461e+000
1.815645236768525e-005	1.187935e-001	-1.400916e+000
1.915645236768525e-005	1.245512e-001	-1.477198e+000
2.015645236768525e-005	1.301860e-001	-1.552150e+000
2.115645236768525e-005	1.356923e-001	-1.625616e+000
2.215645236768525e-005	1.410647e-001	-1.697442e+000
2.315645236768525e-005	1.462980e-001	-1.767476e+000
2.415645236768525e-005	1.513868e-001	-1.835569e+000
2.515645236768525e-005	1.563262e-001	-1.901576e+000
2.615645236768525e-005	1.611114e-001	-1.965357e+000
2.715645236768525e-005	1.657375e-001	-2.026774e+000
2.815645236768525e-005	1.702001e-001	-2.085695e+000
2.915645236768525e-005	1.744947e-001	-2.141994e+000
3.015645236768525e-005	1.786172e-001	-2.195549e+000
3.115645236768525e-005	1.825633e-001	-2.246246e+000
3.215645236768525e-005	1.863293e-001	-2.293976e+000
3.315645236768525e-005	1.899114e-001	-2.338637e+000
3.415645236768525e-005	1.933061e-001	-2.380134e+000
3.515645236768524e-005	1.965100e-001	-2.418380e+000
3.615645236768524e-005	1.995199e-001	-2.453294e+000
3.715645236768524e-005	2.023330e-001	-2.484833e+000
3.812224266588874e-005	2.048603e-001	-2.511972e+000
3.912224266588874e-005	2.072784e-001	-2.536579e+000
4.012224266588873e-005	2.094920e-001	-2.557644e+000
4.112224266588873e-005	2.114988e-001	-2.575097e+000
4.212224266588873e-005	2.132968e-001	-2.588905e+000
4.312224266588872e-005	2.148844e-001	-2.599047e+000
4.412224266588872e-005	2.162599e-001	-2.605506e+000
4.512224266588872e-005	2.174220e-001	-2.608277e+000
4.612224266588872e-005	2.183695e-001	-2.607361e+000
4.712224266588871e-005	2.191015e-001	-2.602770e+000
4.812224266588871e-005	2.196173e-001	-2.594521e+000
4.912224266588871e-005	2.199164e-001	-2.582642e+000
5.012224266588871e-005	2.199984e-001	-2.567168e+000
5.112224266588870e-005	2.198633e-001	-2.548141e+000
5.212224266588870e-005	2.195112e-001	-2.525612e+000
5.312224266588870e-005	2.189425e-001	-2.499639e+000
5.412224266588869e-005	2.181577e-001	-2.470288e+000
5.512224266588869e-005	2.171577e-001	-2.437630e+000
5.612224266588869e-005	2.159433e-001	-2.401746e+000
5.712224266588869e-005	2.145158e-001	-2.362720e+000
5.812224266588868e-005	2.128766e-001	-2.320644e+000
5.912224266588868e-005	2.110273e-001	-2.275616e+000
6.012224266588868e-005	2.089698e-001	-2.227739e+000
6.112224266588867e-005	2.067060e-001	-2.177122e+000
6.212224266588867e-005	2.042383e-001	-2.123886e+000
6.310950546610678e-005	2.016042e-001	-2.068857e+000
6.410950546610678e-005	1.987385e-001	-2.010737e+000
6.510950546610677e-005	1.956767e-001	-1.950362e+000
6.610950546610677e-005	1.924217e-001	-1.887852e+000
6.710950546610677e-005	1.889769e-001	-1.823339e+000
6.810950546610676e-005	1.853455e-001	-1.756958e+000
6.910950546610676e-005	1.815312e-001	-1.688845e+000
7.010950546610676e-005	1.775378e-001	-1.619139e+000
7.110950546610676e-005	1.733692e-001	-1.547980e+000
7.210950546610675e-005	1.690295e-001	-1.475508e+000
7.310950546610675e-005	1.645229e-001	-1.401866e+000
7.410950546610675e-005	1.598541e-001	-1.327195e+000
7.510950546610674e-005	1.550274e-001	-1.251637e+000
7.610950546610674e-005	1.500477e-001	-1.175333e+000
7.710950546610674e-005	1.449200e-001	-1.098423e+000
7.810950546610674e-005	1.396493e-001	-1.021045e+000
7.910950546610673e-005	1.342407e-001	-9.433390e-001
8.010950546610673e-005	1.286997e-001	-8.654385e-001
8.110950546610673e-005	1.230316e-001	-7.874772e-001
8.210950546610672e-005	1.172422e-001	-7.095857e-001
8.310950546610672e-005	1.113370e-001	-6.318917e-001
8.410950546610672e-005	1.053220e-001	-5.545198e-001
8.510950546610672e-005	9.920296e-002	-4.775909e-001
8.610950546610671e-005	9.298608e-002	-4.012224e-001
8.710950546610671e-005	8.667742e-002	-3.255266e-001
8.810476196217995e-005	8.031375e-002	-2.509677e-001
8.910476196217995e-005	7.384069e-002	-1.769394e-001
9.010476196217995e-005	6.729475e-002	-1.038969e-001
9.110476196217994e-005	6.068240e-002	-3.193637e-002
9.210476196217994e-005	5.401016e-002	3.885213e-002
9.310476196217994e-005	4.728463e-002	1.083836e-001
9.410476196217994e-005	4.051243e-002	1.765784e-001
9.510476196217993e-005	3.370025e-002	2.433623e-001
9.610476196217993e-005	2.685481e-002	3.086665e-001
9.710476196217993e-005	1.998287e-002	3.724279e-001
9.810476196217992e-005	1.309121e-002	4.345889e-001
9.910476196217992e-005	6.186625e-003	4.950979e-001
1.001047619621799e-004	-7.240614e-004	5.539086e-001
1.011047619621799e-004	-7.634034e-003	6.109806e-001
1.021047619621799e-004	-1.453647e-002	6.662794e-001
1.031047619621799e-004	-2.142457e-002	7.197757e-001
1.041047619621799e-004	-2.829151e-002	7.714463e-001
1.051047619621799e-004	-3.513054e-002	8.212733e-001
1.061047619621799e-004	-4.193490e-002	8.692443e-001
1.071047619621799e-004	-4.869788e-002	9.153521e-001
1.081047619621799e-004	-5.541279e-002	9.595949e-001
1.091047619621799e-004	-6.207302e-002	1.001976e+000
1.101047619621799e-004	-6.867199e-002	1.042503e+000
1.111047619621799e-004	-7.520320e-002	1.081190e+000
1.121047619621799e-004	-8.166018e-002	1.118055e+000
1.131029952582595e-004	-8.802538e-002	1.153057e+000
1.141029952582595e-004	-9.431505e-002	1.186346e+000
1.151029952582595e-004	-1.005116e-001	1.217891e+000
1.161029952582595e-004	-1.066091e-001	1.247723e+000
1.171029952582595e-004	-1.126012e-001	1.275881e+000
1.181029952582595e-004	-1.184823e-001	1.302405e+000
1.191029952582595e-004	-1.242465e-001	1.327336e+000
1.201029952582595e-004	-1.298880e-001	1.350722e+000
1.211029952582595e-004	-1.354013e-001	1.372610e+000
1.221029952582595e-004	-1.407810e-001	1.393049e+000
1.231029952582595e-004	-1.460218e-001	1.412093e+000
1.241029952582595e-004	-1.511185e-001	1.429793e+000
1.251029952582595e-004	-1.560660e-001	1.446205e+000
1.261029952582595e-004	-1.608596e-001	1.461382e+000
1.271029952582595e-004	-1.654943e-001	1.475381e+000
1.281029952582595e-004	-1.699658e-001	1.488257e+000
1.291029952582595e-004	-1.742695e-001	1.500066e+000
1.301029952582595e-004	-1.784012e-001	1.510861e+000
1.311029952582595e-004	-1.823569e-001	1.520698e+000
1.321029952582595e-004	-1.861326e-001	1.529629e+000
1.331029952582595e-004	-1.897246e-001	1.537706e+000
1.341029952582595e-004	-1.931294e-001	1.544978e+000
1.351029952582595e-004	-1.963436e-001	1.551494e+000
1.361029952582595e-004	-1.993640e-001	1.557298e+000
1.371029952582595e-004	-2.021877e-001	1.562435e+000
1.381023372321560e-004	-2.048101e-001	1.566940e+000
1.391023372321560e-004	-2.072323e-001	1.570858e+000
1.401023372321560e-004	-2.094499e-001	1.574219e+000
1.411023372321560e-004	-2.114608e-001	1.577053e+000
1.421023372321560e-004	-2.132631e-001	1.579388e+000
1.431023372321560e-004	-2.148549e-001	1.581246e+000
1.441023372321560e-004	-2.162346e-001	1.582646e+000
1.451023372321560e-004	-2.174010e-001	1.583603e+000
1.461023372321560e-004	-2.183527e-001	1.584127e+000
1.471023372321560e-004	-2.190891e-001	1.584225e+000
1.481023372321560e-004	-2.196092e-001	1.583899e+000
1.491023372321560e-004	-2.199125e-001	1.583145e+000
1.501023372321560e-004	-2.199989e-001	1.581958e+000
1.511023372321560e-004	-2.198681e-001	1.580324e+000
1.521023372321560e-004	-2.195203e-001	1.578229e+000
1.531023372321560e-004	-2.189559e-001	1.575651e+000
1.541023372321560e-004	-2.181755e-001	1.572567e+000
1.551023372321559e-004	-2.171797e-001	1.568946e+000
1.561023372321559e-004	-2.159695e-001	1.564757e+000
1.571023372321559e-004	-2.145463e-001	1.559960e+000
1.581023372321559e-004	-2.129113e-001	1.554517e+000
1.591023372321559e-004	-2.110662e-001	1.548383e+000
1.601023372321559e-004	-2.090128e-001	1.541509e+000
1.611023372321559e-004	-2.067531e-001	1.533844e+000
1.621023372321559e-004	-2.042894e-001	1.525336e+000
1.631020921407786e-004	-2.016248e-001	1.515929e+000
1.641020921407786e-004	-1.987605e-001	1.505561e+000
1.651020921407786e-004	-1.957001e-001	1.494174e+000
1.661020921407785e-004	-1.924465e-001	1.481704e+000
1.671020921407785e-004	-1.890031e-001	1.468090e+000
1.681020921407785e-004	-1.853731e-001	1.453266e+000
1.691020921407785e-004	-1.815602e-001	1.437167e+000
1.701020921407785e-004	-1.775681e-001	1.419729e+000
1.711020921407785e-004	-1.734007e-001	1.400888e+000
1.721020921407785e-004	-1.690623e-001	1.380579e+000
1.731020921407785e-004	-1.645570e-001	1.358740e+000
1.741020921407785e-004	-1.598893e-001	1.335310e+000
1.751020921407785e-004	-1.550637e-001	1.310229e+000
1.761020921407785e-004	-1.500852e-001	1.283442e+000
1.771020921407785e-004	-1.449586e-001	1.254893e+000
1.781020921407785e-004	-1.396889e-001	1.224533e+000
1.791020921407785e-004	-1.342813e-001	1.192315e+000
1.801020921407785e-004	-1.287412e-001	1.158195e+000
1.811020921407785e-004	-1.230741e-001	1.122136e+000
1.821020921407785e-004	-1.172855e-001	1.084103e+000
1.831020921407785e-004	-1.113812e-001	1.044068e+000
1.841020921407785e-004	-1.053669e-001	1.002008e+000
1.851020921407785e-004	-9.924869e-002	9.579052e-001
1.861020921407785e-004	-9.303251e-002	9.117488e-001
1.871020921407785e-004	-8.672451e-002	8.635338e-001
1.881020008524998e-004	-8.033151e-002	8.132666e-001
1.891020008524998e-004	-7.385866e-002	7.609463e-001
1.901020008524998e-004	-6.731292e-002	7.065930e-001
1.911020008524998e-004	-6.070074e-002	6.502294e-001
1.921020008524998e-004	-5.402866e-002	5.918852e-001
1.931020008524998e-004	-4.730327e-002	5.315976e-001
1.941020008524997e-004	-4.053119e-002	4.694113e-001
1.951020008524997e-004	-3.371911e-002	4.053782e-001
1.961020008524997e-004	-2.687375e-002	3.395577e-001
1.971020008524997e-004	-2.000187e-002	2.720168e-001
1.981020008524997e-004	-1.311026e-002	2.028296e-001
1.991020008524997e-004	-6.205701e-003	1.320774e-001
2.001020008524997e-004	7.049781e-004	5.984858e-002
2.011020008524997e-004	7.614962e-003	-1.376154e-002
2.021020008524997e-004	1.451743e-002	-8.865104e-002
2.031020008524997e-004	2.140557e-002	-1.647115e-001
2.041020008524997e-004	2.827259e-002	-2.418285e-001
2.051020008524997e-004	3.511170e-002	-3.198816e-001
2.061020008524997e-004	4.191617e-002	-3.987447e-001
2.071020008524997e-004	4.867927e-002	-4.782869e-001
2.081020008524997e-004	5.539433e-002	-5.583721e-001
2.091020008524997e-004	6.205472e-002	-6.388601e-001
2.101020008524997e-004	6.865387e-002	-7.196066e-001
2.111020008524997e-004	7.518526e-002	-8.004637e-001
2.121020008524997e-004	8.164246e-002	-8.812804e-001
2.131019668506316e-004	8.801887e-002	-9.619006e-001
2.141019668506316e-004	9.430864e-002	-1.042174e+000
2.151019668506316e-004	1.005053e-001	-1.121941e+000
2.161019668506316e-004	1.066028e-001	-1.201042e+000
2.171019668506316e-004	1.125951e-001	-1.279319e+000
2.181019668506316e-004	1.184763e-001	-1.356613e+000
2.191019668506316e-004	1.242406e-001	-1.432765e+000
2.201019668506316e-004	1.298822e-001	-1.507617e+000
2.211019668506316e-004	1.353957e-001	-1.581014e+000
2.221019668506316e-004	1.407756e-001	-1.652800e+000
2.231019668506316e-004	1.460165e-001	-1.722824e+000
2.241019668506316e-004	1.511133e-001	-1.790936e+000
2.251019668506316e-004	1.560610e-001	-1.856993e+000
2.261019668506316e-004	1.608547e-001	-1.920851e+000
2.271019668506316e-004	1.654896e-001	-1.982374e+000
2.281019668506316e-004	1.699613e-001	-2.041430e+000
2.291019668506316e-004	1.742651e-001	-2.097891e+000
2.301019668506316e-004	1.783971e-001	-2.151635e+000
2.311019668506316e-004	1.823529e-001	-2.202547e+000
2.321019668506316e-004	1.861288e-001	-2.250517e+000
2.331019668506316e-004	1.897210e-001	-2.295444e+000
2.341019668506316e-004	1.931260e-001	-2.337230e+000
2.351019668506316e-004	1.963404e-001	-2.375789e+000
2.361019668506316e-004	1.993610e-001	-2.411037e+000
2.371019668506315e-004	2.021849e-001	-2.442904e+000
2.381019541860506e-004	2.048092e-001	-2.471321e+000
2.391019541860506e-004	2.072314e-001	-2.496234e+000
2.401019541860506e-004	2.094491e-001	-2.517592e+000
2.411019541860506e-004	2.114601e-001	-2.535355e+000
2.421019541860506e-004	2.132624e-001	-2.549490e+000
2.431019541860506e-004	2.148543e-001	-2.559973e+000
2.441019541860506e-004	2.162341e-001	-2.566789e+000
2.451019541860506e-004	2.174006e-001	-2.569930e+000
2.461019541860506e-004	2.183524e-001	-2.569398e+000
2.471019541860507e-004	2.190888e-001	-2.565202e+000
2.481019541860507e-004	2.196090e-001	-2.557362e+000
2.491019541860507e-004	2.199125e-001	-2.545902e+000
2.501019541860507e-004	2.199989e-001	-2.530857e+000
2.511019541860508e-004	2.198682e-001	-2.512270e+000
2.521019541860508e-004	2.195205e-001	-2.490190e+000
2.531019541860508e-004	2.189562e-001	-2.464674e+000
2.541019541860508e-004	2.181758e-001	-2.435788e+000
2.551019541860509e-004	2.171801e-001	-2.403603e+000
2.561019541860509e-004	2.159701e-001	-2.368197e+000
2.571019541860509e-004	2.145469e-001	-2.329655e+000
2.581019541860509e-004	2.129120e-001	-2.288069e+000
2.591019541860509e-004	2.110669e-001	-2.243536e+000
2.601019541860510e-004	2.090136e-001	-2.196157e+000
2.611019541860510e-004	2.067540e-001	-2.146042e+000
2.621019541860510e-004	2.042904e-001	-2.093302e+000
2.631019494689084e-004	2.016251e-001	-2.038055e+000
2.641019494689084e-004	1.987609e-001	-1.980422e+000
2.651019494689085e-004	1.957005e-001	-1.920529e+000
2.661019494689085e-004	1.924470e-001	-1.858503e+000
2.671019494689085e-004	1.890036e-001	-1.794476e+000
2.681019494689085e-004	1.853736e-001	-1.728583e+000
2.691019494689086e-004	1.815607e-001	-1.660959e+000
2.701019494689086e-004	1.775687e-001	-1.591742e+000
2.711019494689086e-004	1.734013e-001	-1.521073e+000
2.721019494689086e-004	1.690629e-001	-1.449092e+000
2.731019494689087e-004	1.645576e-001	-1.375939e+000
2.741019494689087e-004	1.598899e-001	-1.301757e+000
2.751019494689087e-004	1.550644e-001	-1.226687e+000
2.761019494689087e-004	1.500859e-001	-1.150869e+000
2.771019494689087e-004	1.449593e-001	-1.074443e+000
2.781019494689088e-004	1.396896e-001	-9.975487e-001
2.791019494689088e-004	1.342821e-001	-9.203224e-001
2.801019494689088e-004	1.287420e-001	-8.428996e-001
2.811019494689088e-004	1.230749e-001	-7.654132e-001
2.821019494689089e-004	1.172864e-001	-6.879936e-001
2.831019494689089e-004	1.113820e-001	-6.107681e-001
2.841019494689089e-004	1.053678e-001	-5.338612e-001
2.851019494689089e-004	9.924957e-002	-4.573935e-001
2.861019494689090e-004	9.303340e-002	-3.814822e-001
2.871019494689090e-004	8.672541e-002	-3.062404e-001
2.881019477119271e-004	8.033185e-002	-2.317770e-001
2.891019477119271e-004	7.385901e-002	-1.581964e-001
2.901019477119271e-004	6.731327e-002	-8.559828e-002
2.911019477119272e-004	6.070109e-002	-1.407770e-002
2.921019477119272e-004	5.402902e-002	5.627540e-002
2.931019477119272e-004	4.730362e-002	1.253762e-001
2.941019477119272e-004	4.053155e-002	1.931453e-001
2.951019477119273e-004	3.371947e-002	2.595086e-001
2.961019477119273e-004	2.687412e-002	3.243974e-001
2.971019477119273e-004	2.000224e-002	3.877488e-001
2.981019477119273e-004	1.311062e-002	4.495054e-001
2.991019477119274e-004	6.206068e-003	5.096155e-001
3.001019477119274e-004	-7.046108e-004	5.680332e-001
3.011019477119274e-004	-7.614595e-003	6.247182e-001
3.021019477119274e-004	-1.451706e-002	6.796360e-001
3.031019477119275e-004	-2.140521e-002	7.327576e-001
3.041019477119275e-004	-2.827222e-002	7.840596e-001
3.051019477119275e-004	-3.511134e-002	8.335246e-001
3.061019477119275e-004	-4.191581e-002	8.811400e-001
3.071019477119275e-004	-4.867891e-002	9.268989e-001
3.081019477119276e-004	-5.539397e-002	9.707996e-001
3.091019477119276e-004	-6.205436e-002	1.012845e+000
3.101019477119276e-004	-6.865352e-002	1.053045e+000
3.111019477119276e-004	-7.518491e-002	1.091410e+000
3.121019477119277e-004	-8.164211e-002	1.127960e+000
3.131019470575089e-004	-8.801875e-002	1.162715e+000
3.141019470575089e-004	-9.430851e-002	1.195703e+000
3.151019470575089e-004	-1.005052e-001	1.226953e+000
3.161019470575090e-004	-1.066027e-001	1.256498e+000
3.171019470575090e-004	-1.125950e-001	1.284377e+000
3.181019470575090e-004	-1.184762e-001	1.310628e+000
3.191019470575090e-004	-1.242405e-001	1.335296e+000
3.201019470575091e-004	-1.298821e-001	1.358426e+000
3.211019470575091e-004	-1.353956e-001	1.380066e+000
3.221019470575091e-004	-1.407755e-001	1.400267e+000
3.231019470575091e-004	-1.460164e-001	1.419080e+000
3.241019470575092e-004	-1.511132e-001	1.436558e+000
3.251019470575092e-004	-1.560609e-001	1.452755e+000
3.261019470575092e-004	-1.608546e-001	1.467727e+000
3.271019470575092e-004	-1.654896e-001	1.481530e+000
3.281019470575093e-004	-1.699612e-001	1.494218e+000
3.291019470575093e-004	-1.742651e-001	1.505847e+000
3.301019470575093e-004	-1.783970e-001	1.516473e+000
3.311019470575093e-004	-1.823528e-001	1.526148e+000
3.321019470575094e-004	-1.861287e-001	1.534927e+000
3.331019470575094e-004	-1.897209e-001	1.542861e+000
3.341019470575094e-004	-1.931259e-001	1.550000e+000
3.351019470575094e-004	-1.963403e-001	1.556391e+000
3.361019470575095e-004	-1.993609e-001	1.562081e+000
3.371019470575095e-004	-2.021848e-001	1.567112e+000
3.381019468137595e-004	-2.048092e-001	1.571524e+000
3.391019468137595e-004	-2.072314e-001	1.575355e+000
3.401019468137595e-004	-2.094491e-001	1.578638e+000
3.411019468137596e-004	-2.114601e-001	1.581404e+000
3.421019468137596e-004	-2.132624e-001	1.583680e+000
3.431019468137596e-004	-2.148543e-001	1.585489e+000
3.441019468137596e-004	-2.162341e-001	1.586850e+000
3.451019468137597e-004	-2.174006e-001	1.587777e+000
3.461019468137597e-004	-2.183524e-001	1.588281e+000
3.471019468137597e-004	-2.190888e-001	1.588369e+000
3.481019468137597e-004	-2.196090e-001	1.588041e+000
3.491019468137598e-004	-2.199125e-001	1.587296e+000
3.501019468137598e-004	-2.199989e-001	1.586126e+000
3.511019468137598e-004	-2.198682e-001	1.584520e+000
3.521019468137598e-004	-2.195205e-001	1.582461e+000
3.531019468137599e-004	-2.189562e-001	1.579929e+000
3.541019468137599e-004	-2.181758e-001	1.576899e+000
3.551019468137599e-004	-2.171801e-001	1.573342e+000
3.561019468137599e-004	-2.159701e-001	1.569224e+000
3.571019468137600e-004	-2.145469e-001	1.564510e+000
3.581019468137600e-004	-2.129120e-001	1.559157e+000
3.591019468137600e-004	-2.110669e-001	1.553120e+000
3.601019468137600e-004	-2.090136e-001	1.546353e+000
3.611019468137601e-004	-2.067540e-001	1.538803e+000
3.621019468137601e-004	-2.042904e-001	1.530418e+000
3.631019467229708e-004	-2.016252e-001	1.521140e+000
3.641019467229708e-004	-1.987609e-001	1.510910e+000
3.651019467229709e-004	-1.957005e-001	1.499667e+000
3.661019467229709e-004	-1.924470e-001	1.487350e+000
3.671019467229709e-004	-1.890036e-001	1.473895e+000
3.681019467229709e-004	-1.853736e-001	1.459237e+000
3.691019467229710e-004	-1.815607e-001	1.443310e+000
3.701019467229710e-004	-1.775687e-001	1.426051e+000
3.711019467229710e-004	-1.734014e-001	1.407393e+000
3.721019467229710e-004	-1.690629e-001	1.387274e+000
3.731019467229711e-004	-1.645576e-001	1.365630e+000
3.741019467229711e-004	-1.598899e-001	1.342399e+000
3.751019467229711e-004	-1.550645e-001	1.317522e+000
3.761019467229711e-004	-1.500860e-001	1.290943e+000
3.771019467229711e-004	-1.449593e-001	1.262606e+000
3.781019467229712e-004	-1.396897e-001	1.232462e+000
3.791019467229712e-004	-1.342821e-001	1.200462e+000
3.801019467229712e-004	-1.287421e-001	1.166564e+000
3.811019467229712e-004	-1.230749e-001	1.130728e+000
3.821019467229713e-004	-1.172864e-001	1.092921e+000
3.831019467229713e-004	-1.113821e-001	1.053114e+000
3.841019467229713e-004	-1.053678e-001	1.011282e+000
3.851019467229713e-004	-9.924959e-002	9.674095e-001
3.861019467229714e-004	-9.303342e-002	9.214833e-001
3.871019467229714e-004	-8.672544e-002	8.734986e-001
3.881019466891550e-004	-8.033186e-002	8.234568e-001
3.891019466891550e-004	-7.385901e-002	7.713659e-001
3.901019466891550e-004	-6.731327e-002	7.172410e-001
3.911019466891551e-004	-6.070110e-002	6.611044e-001
3.921019466891551e-004	-5.402903e-002	6.029854e-001
3.931019466891551e-004	-4.730363e-002	5.429209e-001
3.941019466891551e-004	-4.053155e-002	4.809553e-001
3.951019466891552e-004	-3.371948e-002	4.171400e-001
3.961019466891552e-004	-2.687412e-002	3.515343e-001
3.971019466891552e-004	-2.000225e-002	2.842047e-001
3.981019466891552e-004	-1.311063e-002	2.152248e-001
3.991019466891553e-004	-6.206076e-003	1.446759e-001
4.001019466891553e-004	7.046037e-004	7.264592e-002
4.011019466891553e-004	7.614587e-003	-7.701244e-004
4.021019466891553e-004	1.451706e-002	-7.547059e-002
4.031019466891554e-004	2.140520e-002	-1.513474e-001
4.041019466891554e-004	2.827222e-002	-2.282862e-001
4.051019466891554e-004	3.511133e-002	-3.061669e-001
4.061019466891554e-004	4.191580e-002	-3.848638e-001
4.071019466891554e-004	4.867890e-002	-4.642459e-001
4.081019466891555e-004	5.539396e-002	-5.441777e-001
4.091019466891555e-004	6.205435e-002	-6.245189e-001
4.101019466891555e-004	6.865351e-002	-7.051255e-001
4.111019466891555e-004	7.518491e-002	-7.858496e-001
4.121019466891556e-004	8.164211e-002	-8.665406e-001
4.131019466765597e-004	8.801874e-002	-9.470450e-001
4.141019466765597e-004	9.430851e-002	-1.027207e+000
4.151019466765598e-004	1.005052e-001	-1.106871e+000
4.161019466765598e-004	1.066027e-001	-1.185876e+000
4.171019466765598e-004	1.125950e-001	-1.264065e+000
4.181019466765598e-004	1.184762e-001	-1.341279e+000
4.191019466765599e-004	1.242405e-001	-1.417358e+000
4.201019466765599e-004	1.298821e-001	-1.492145e+000
4.211019466765599e-004	1.353956e-001	-1.565485e+000
4.221019466765599e-004	1.407755e-001	-1.637222e+000
4.231019466765600e-004	1.460164e-001	-1.707204e+000
4.241019466765600e-004	1.511132e-001	-1.775284e+000
4.251019466765600e-004	1.560609e-001	-1.841314e+000
4.261019466765600e-004	1.608546e-001	-1.905155e+000
4.271019466765601e-004	1.654896e-001	-1.966668e+000
4.281019466765601e-004	1.699612e-001	-2.025720e+000
4.291019466765601e-004	1.742651e-001	-2.082186e+000
4.301019466765601e-004	1.783970e-001	-2.135942e+000
4.311019466765602e-004	1.823528e-001	-2.186873e+000
4.321019466765602e-004	1.861287e-001	-2.234870e+000
4.331019466765602e-004	1.897209e-001	-2.279830e+000
4.341019466765602e-004	1.931259e-001	-2.321657e+000
4.351019466765602e-004	1.963403e-001	-2.360263e+000
4.361019466765603e-004	1.993609e-001	-2.395566e+000
4.371019466765603e-004	2.021848e-001	-2.427492e+000
4.381019466718684e-004	2.048092e-001	-2.455977e+000
4.391019466718684e-004	2.072314e-001	-2.480963e+000
4.401019466718684e-004	2.094491e-001	-2.502400e+000
4.411019466718685e-004	2.114601e-001	-2.520247e+000
4.421019466718685e-004	2.132624e-001	-2.534472e+000
4.431019466718685e-004	2.148543e-001	-2.545051e+000
4.441019466718685e-004	2.162341e-001	-2.551967e+000
4.451019466718686e-004	2.174006e-001	-2.555214e+000
4.461019466718686e-004	2.183524e-001	-2.554793e+000
4.471019466718686e-004	2.190888e-001	-2.550713e+000
4.481019466718686e-004	2.196090e-001	-2.542992e+000
4.491019466718686e-004	2.199125e-001	-2.531657e+000
4.501019466718687e-004	2.199989e-001	-2.516740e+000
4.511019466718687e-004	2.198682e-001	-2.498285e+000
4.521019466718687e-004	2.195205e-001	-2.476341e+000
4.531019466718687e-004	2.189562e-001	-2.450965e+000
4.541019466718688e-004	2.181758e-001	-2.422222e+000
4.551019466718688e-004	2.171801e-001	-2.390182e+000
4.561019466718688e-004	2.159701e-001	-2.354926e+000
4.571019466718688e-004	2.145469e-001	-2.316536e+000
4.581019466718689e-004	2.129120e-001	-2.275104e+000
4.591019466718689e-004	2.110669e-001	-2.230727e+000
4.601019466718689e-004	2.090136e-001	-2.183508e+000
4.611019466718689e-004	2.067540e-001	-2.133553e+000
4.621019466718690e-004	2.042904e-001	-2.080976e+000
4.631019466701210e-004	2.016252e-001	-2.025894e+000
4.641019466701210e-004	1.987609e-001	-1.968427e+000
4.651019466701210e-004	1.957005e-001	-1.908701e+000
4.661019466701211e-004	1.924470e-001	-1.846844e+000
4.671019466701211e-004	1.890036e-001	-1.782988e+000
4.681019466701211e-004	1.853736e-001	-1.717265e+000
4.691019466701211e-004	1.815607e-001	-1.649813e+000
4.701019466701212e-004	1.775687e-001	-1.580769e+000
4.711019466701212e-004	1.734014e-001	-1.510273e+000
4.721019466701212e-004	1.690629e-001	-1.438465e+000
4.731019466701212e-004	1.645576e-001	-1.365486e+000
4.741019466701213e-004	1.598899e-001	-1.291478e+000
4.751019466701213e-004	1.550645e-001	-1.216581e+000
4.761019466701213e-004	1.500860e-001	-1.140936e+000
4.771019466701213e-004	1.449593e-001	-1.064684e+000
4.781019466701213e-004	1.396897e-001	-9.879627e-001
4.791019466701214e-004	1.342821e-001	-9.109091e-001
4.801019466701214e-004	1.287421e-001	-8.336583e-001
4.811019466701214e-004	1.230749e-001	-7.563433e-001
4.821019466701214e-004	1.172864e-001	-6.790943e-001
4.831019466701215e-004	1.113821e-001	-6.020386e-001
4.841019466701215e-004	1.053678e-001	-5.253005e-001
4.851019466701215e-004	9.924959e-002	-4.490007e-001
4.861019466701215e-004	9.303342e-002	-3.732561e-001
4.871019466701216e-004	8.672544e-002	-2.981799e-001
4.881019466694701e-004	8.033186e-002	-2.238807e-001
4.891019466694702e-004	7.385901e-002	-1.504630e-001
4.901019466694702e-004	6.731327e-002	-7.802643e-002
4.911019466694702e-004	6.070110e-002	-6.665899e-003
4.921019466694702e-004	5.402903e-002	6.352872e-002
4.931019466694703e-004	4.730363e-002	1.324727e-001
4.941019466694703e-004	4.053155e-002	2.000867e-001
4.951019466694703e-004	3.371948e-002	2.662965e-001
4.961019466694703e-004	2.687412e-002	3.310337e-001
4.971019466694704e-004	2.000225e-002	3.942354e-001
4.981019466694704e-004	1.311063e-002	4.558443e-001
4.991019466694704e-004	6.206076e-003	5.158086e-001
5.001019466694704e-004	-7.046036e-004	5.740826e-001
5.011019466694705e-004	-7.614587e-003	6.306260e-001
5.021019466694705e-004	-1.451706e-002	6.854042e-001
5.031019466694705e-004	-2.140520e-002	7.383885e-001
5.041019466694705e-004	-2.827222e-002	7.895555e-001
5.051019466694706e-004	-3.511133e-002	8.388878e-001
5.061019466694706e-004	-4.191580e-002	8.863727e-001
5.071019466694706e-004	-4.867890e-002	9.320036e-001
5.081019466694706e-004	-5.539396e-002	9.757788e-001
5.091019466694707e-004	-6.205435e-002	1.017702e+000
5.101019466694707e-004	-6.865351e-002	1.057780e+000
5.111019466694707e-004	-7.518491e-002	1.096028e+000
5.121019466694707e-004	-8.164211e-002	1.132462e+000
5.131019466692277e-004	-8.801874e-002	1.167105e+000
5.141019466692277e-004	-9.430851e-002	1.199983e+000
5.151019466692277e-004	-1.005052e-001	1.231125e+000
5.161019466692278e-004	-1.066027e-001	1.260566e+000
5.171019466692278e-004	-1.125950e-001	1.288343e+000
5.181019466692278e-004	-1.184762e-001	1.314495e+000
5.191019466692278e-004	-1.242405e-001	1.339067e+000
5.201019466692278e-004	-1.298821e-001	1.362104e+000
5.211019466692279e-004	-1.353956e-001	1.383654e+000
5.221019466692279e-004	-1.407755e-001	1.403768e+000
5.231019466692279e-004	-1.460164e-001	1.422497e+000
5.241019466692279e-004	-1.511132e-001	1.439893e+000
5.251019466692280e-004	-1.560609e-001	1.456013e+000
5.261019466692280e-004	-1.608546e-001	1.470911e+000
5.271019466692280e-004	-1.654896e-001	1.484641e+000
5.281019466692280e-004	-1.699612e-001	1.497261e+000
5.291019466692281e-004	-1.742651e-001	1.508825e+000
5.301019466692281e-004	-1.783970e-001	1.519389e+000
5.311019466692281e-004	-1.823528e-001	1.529006e+000
5.321019466692281e-004	-1.861287e-001	1.537730e+000
5.331019466692282e-004	-1.897209e-001	1.545612e+000
5.341019466692282e-004	-1.931259e-001	1.552702e+000
5.351019466692282e-004	-1.963403e-001	1.559048e+000
5.361019466692282e-004	-1.993609e-001	1.564695e+000
5.371019466692283e-004	-2.021848e-001	1.569687e+000
5.381019466691374e-004	-2.048092e-001	1.574065e+000
5.391019466691375e-004	-2.072314e-001	1.577864e+000
5.401019466691375e-004	-2.094491e-001	1.581119e+000
5.411019466691375e-004	-2.114601e-001	1.583861e+000
5.421019466691375e-004	-2.132624e-001	1.586116e+000
5.431019466691376e-004	-2.148543e-001	1.587907e+000
5.441019466691376e-004	-2.162341e-001	1.589253e+000
5.451019466691376e-004	-2.174006e-001	1.590169e+000
5.461019466691376e-004	-2.183524e-001	1.590666e+000
5.471019466691376e-004	-2.190888e-001	1.590749e+000
5.481019466691377e-004	-2.196090e-001	1.590421e+000
5.491019466691377e-004	-2.199125e-001	1.589679e+000
5.501019466691377e-004	-2.199989e-001	1.588515e+000
5.511019466691377e-004	-2.198682e-001	1.586919e+000
5.521019466691378e-004	-2.195205e-001	1.584873e+000
5.531019466691378e-004	-2.189562e-001	1.582357e+000
5.541019466691378e-004	-2.181758e-001	1.579347e+000
5.551019466691378e-004	-2.171801e-001	1.575813e+000
5.561019466691379e-004	-2.159701e-001	1.571722e+000
5.571019466691379e-004	-2.145469e-001	1.567036e+000
5.581019466691379e-004	-2.129120e-001	1.561716e+000
5.591019466691379e-004	-2.110669e-001	1.555715e+000
5.601019466691380e-004	-2.090136e-001	1.548986e+000
5.611019466691380e-004	-2.067540e-001	1.541478e+000
5.621019466691380e-004	-2.042904e-001	1.533137e+000
5.631019466691038e-004	-2.016252e-001	1.523905e+000
5.641019466691038e-004	-1.987609e-001	1.513725e+000
5.651019466691038e-004	-1.957005e-001	1.502536e+000
5.661019466691039e-004	-1.924470e-001	1.490274e+000
5.671019466691039e-004	-1.890036e-001	1.476876e+000
5.681019466691039e-004	-1.853736e-001	1.462278e+000
5.691019466691039e-004	-1.815607e-001	1.446414e+000
5.701019466691039e-004	-1.775687e-001	1.429218e+000
5.711019466691040e-004	-1.734014e-001	1.410628e+000
5.721019466691040e-004	-1.690629e-001	1.390577e+000
5.731019466691040e-004	-1.645576e-001	1.369003e+000
5.741019466691040e-004	-1.598899e-001	1.345844e+000
5.751019466691041e-004	-1.550645e-001	1.321041e+000
5.761019466691041e-004	-1.500860e-001	1.294537e+000
5.771019466691041e-004	-1.449593e-001	1.266277e+000
5.781019466691041e-004	-1.396897e-001	1.236211e+000
5.791019466691042e-004	-1.342821e-001	1.204290e+000
5.801019466691042e-004	-1.287421e-001	1.170472e+000
5.811019466691042e-004	-1.230749e-001	1.134717e+000
5.821019466691042e-004	-1.172864e-001	1.096992e+000
5.831019466691043e-004	-1.113821e-001	1.057267e+000
5.841019466691043e-004	-1.053678e-001	1.015518e+000
5.851019466691043e-004	-9.924959e-002	9.717281e-001
5.861019466691043e-004	-9.303342e-002	9.258852e-001
5.871019466691044e-004	-8.672544e-002	8.779839e-001
5.881019466690913e-004	-8.033186e-002	8.280253e-001
5.891019466690913e-004	-7.385901e-002	7.760174e-001
5.901019466690913e-004	-6.731327e-002	7.219752e-001
5.911019466690913e-004	-6.070110e-002	6.659207e-001
5.921019466690914e-004	-5.402903e-002	6.078833e-001
5.931019466690914e-004	-4.730363e-002	5.478997e-001
5.941019466690914e-004	-4.053155e-002	4.860140e-001
5.951019466690914e-004	-3.371948e-002	4.222776e-001
5.961019466690915e-004	-2.687412e-002	3.567497e-001
5.971019466690915e-004	-2.000225e-002	2.894966e-001
5.981019466690915e-004	-1.311063e-002	2.205919e-001
5.991019466690915e-004	-6.206076e-003	1.501166e-001
6.001019466690916e-004	7.046036e-004	7.815862e-002
6.011019466690916e-004	7.614587e-003	4.812888e-003
6.021019466690916e-004	1.451706e-002	-6.981908e-002
6.031019466690916e-004	2.140520e-002	-1.456293e-001
6.041019466690917e-004	2.827222e-002	-2.225035e-001
6.051019466690917e-004	3.511133e-002	-3.003218e-001
6.061019466690917e-004	4.191580e-002	-3.789584e-001
6.071019466690917e-004	4.867890e-002	-4.582826e-001
6.081019466690918e-004	5.539396e-002	-5.381587e-001
6.091019466690918e-004	6.205435e-002	-6.184466e-001
6.101019466690918e-004	6.865351e-002	-6.990024e-001
6.111019466690918e-004	7.518491e-002	-7.796783e-001
6.121019466690918e-004	8.164211e-002	-8.603238e-001
6.131019466690867e-004	8.801874e-002	-9.407853e-001
6.141019466690867e-004	9.430851e-002	-1.020907e+000
6.151019466690867e-004	1.005052e-001	-1.100533e+000
6.161019466690867e-004	1.066027e-001	-1.179504e+000
6.171019466690868e-004	1.125950e-001	-1.257661e+000
6.181019466690868e-004	1.184762e-001	-1.334845e+000
6.191019466690868e-004	1.242405e-001	-1.410898e+000
6.201019466690868e-004	1.298821e-001	-1.485662e+000
6.211019466690869e-004	1.353956e-001	-1.558981e+000
6.221019466690869e-004	1.407755e-001	-1.630700e+000
6.231019466690869e-004	1.460164e-001	-1.700667e+000
6.241019466690869e-004	1.511132e-001	-1.768734e+000
6.251019466690870e-004	1.560609e-001	-1.834756e+000
6.261019466690870e-004	1.608546e-001	-1.898589e+000
6.271019466690870e-004	1.654896e-001	-1.960098e+000
6.281019466690870e-004	1.699612e-001	-2.019150e+000
6.291019466690871e-004	1.742651e-001	-2.075617e+000
6.301019466690871e-004	1.783970e-001	-2.129377e+000
6.311019466690871e-004	1.823528e-001	-2.180316e+000
6.321019466690871e-004	1.861287e-001	-2.228323e+000
6.331019466690872e-004	1.897209e-001	-2.273294e+000
6.341019466690872e-004	1.931259e-001	-2.315136e+000
6.351019466690872e-004	1.963403e-001	-2.353759e+000
6.361019466690872e-004	1.993609e-001	-2.389081e+000
6.371019466690873e-004	2.021848e-001	-2.421029e+000
6.381019466690850e-004	2.048092e-001	-2.449538e+000
6.391019466690850e-004	2.072314e-001	-2.474550e+000
6.401019466690850e-004	2.094491e-001	-2.496016e+000
6.411019466690851e-004	2.114601e-001	-2.513894e+000
6.421019466690851e-004	2.132624e-001	-2.528151e+000
6.431019466690851e-004	2.148543e-001	-2.538764e+000
6.441019466690851e-004	2.162341e-001	-2.545717e+000
6.451019466690852e-004	2.174006e-001	-2.549003e+000
6.461019466690852e-004	2.183524e-001	-2.548622e+000
6.471019466690852e-004	2.190888e-001	-2.544584e+000
6.481019466690852e-004	2.196090e-001	-2.536906e+000
6.491019466690853e-004	2.199125e-001	-2.525616e+000
6.501019466690853e-004	2.199989e-001	-2.510746e+000
6.511019466690853e-004	2.198682e-001	-2.492339e+000
6.521019466690853e-004	2.195205e-001	-2.470444e+000
6.531019466690854e-004	2.189562e-001	-2.445118e+000
6.541019466690854e-004	2.181758e-001	-2.416427e+000
6.551019466690854e-004	2.171801e-001	-2.384440e+000
6.561019466690854e-004	2.159701e-001	-2.349237e+000
6.571019466690855e-004	2.145469e-001	-2.310902e+000
6.581019466690855e-004	2.129120e-001	-2.269526e+000
6.591019466690855e-004	2.110669e-001	-2.225206e+000
6.601019466690855e-004	2.090136e-001	-2.178045e+000
6.611019466690856e-004	2.067540e-001	-2.128149e+000
6.621019466690856e-004	2.042904e-001	-2.075631e+000
6.631019466690843e-004	2.016252e-001	-2.020608e+000
6.641019466690843e-004	1.987609e-001	-1.963202e+000
6.651019466690844e-004	1.957005e-001	-1.903536e+000
6.661019466690844e-004	1.924470e-001	-1.841741e+000
6.671019466690844e-004	1.890036e-001	-1.777946e+000
6.681019466690844e-004	1.853736e-001	-1.712285e+000
6.691019466690845e-004	1.815607e-001	-1.644895e+000
6.701019466690845e-004	1.775687e-001	-1.575914e+000
6.711019466690845e-004	1.734014e-001	-1.505480e+000
6.721019466690845e-004	1.690629e-001	-1.433735e+000
6.731019466690846e-004	1.645576e-001	-1.360819e+000
6.741019466690846e-004	1.598899e-001	-1.286873e+000
6.751019466690846e-004	1.550645e-001	-1.212040e+000
6.761019466690846e-004	1.500860e-001	-1.136458e+000
6.771019466690846e-004	1.449593e-001	-1.060269e+000
6.781019466690847e-004	1.396897e-001	-9.836102e-001
6.791019466690847e-004	1.342821e-001	-9.066191e-001
6.801019466690847e-004	1.287421e-001	-8.294307e-001
6.811019466690847e-004	1.230749e-001	-7.521778e-001
6.821019466690848e-004	1.172864e-001	-6.749907e-001
6.831019466690848e-004	1.113821e-001	-5.979967e-001
6.841019466690848e-004	1.053678e-001	-5.213198e-001
6.851019466690848e-004	9.924959e-002	-4.450808e-001
6.861019466690849e-004	9.303342e-002	-3.693967e-001
6.871019466690849e-004	8.672544e-002	-2.943805e-001
6.881019466690840e-004	8.033186e-002	-2.201410e-001
6.891019466690841e-004	7.385901e-002	-1.467824e-001
6.901019466690841e-004	6.731327e-002	-7.440439e-002
6.911019466690841e-004	6.070110e-002	-3.101906e-003
6.921019466690841e-004	5.402903e-002	6.703523e-002
6.931019466690842e-004	4.730363e-002	1.359223e-001
6.941019466690842e-004	4.053155e-002	2.034800e-001
6.951019466690842e-004	3.371948e-002	2.696342e-001
6.961019466690842e-004	2.687412e-002	3.343164e-001
6.971019466690843e-004	2.000225e-002	3.974638e-001
6.981019466690843e-004	1.311063e-002	4.590190e-001
6.991019466690843e-004	6.206076e-003	5.189304e-001
7.001019466690843e-004	-7.046036e-004	5.771523e-001
7.011019466690844e-004	-7.614587e-003	6.336442e-001
7.021019466690844e-004	-1.451706e-002	6.883718e-001
7.031019466690844e-004	-2.140520e-002	7.413063e-001
7.041019466690844e-004	-2.827222e-002	7.924244e-001
7.051019466690845e-004	-3.511133e-002	8.417084e-001
7.061019466690845e-004	-4.191580e-002	8.891461e-001
7.071019466690845e-004	-4.867890e-002	9.347305e-001
7.081019466690845e-004	-5.539396e-002	9.784600e-001
7.091019466690846e-004	-6.205435e-002	1.020338e+000
7.101019466690846e-004	-6.865351e-002	1.060373e+000
7.111019466690846e-004	-7.518491e-002	1.098578e+000
7.121019466690846e-004	-8.164211e-002	1.134970e+000
7.131019466690840e-004	-8.801874e-002	1.169572e+000
7.141019466690840e-004	-9.430851e-002	1.202410e+000
7.151019466690841e-004	-1.005052e-001	1.233513e+000
7.161019466690841e-004	-1.066027e-001	1.262916e+000
7.171019466690841e-004	-1.125950e-001	1.290656e+000
7.181019466690841e-004	-1.184762e-001	1.316773e+000
7.191019466690842e-004	-1.242405e-001	1.341310e+000
7.201019466690842e-004	-1.298821e-001	1.364313e+000
7.211019466690842e-004	-1.353956e-001	1.385831e+000
7.221019466690842e-004	-1.407755e-001	1.405912e+000
7.231019466690842e-004	-1.460164e-001	1.424610e+000
7.241019466690843e-004	-1.511132e-001	1.441978e+000
7.251019466690843e-004	-1.560609e-001	1.458069e+000
7.261019466690843e-004	-1.608546e-001	1.472940e+000
7.271019466690843e-004	-1.654896e-001	1.486644e+000
7.281019466690844e-004	-1.699612e-001	1.499239e+000
7.291019466690844e-004	-1.742651e-001	1.510780e+000
7.301019466690844e-004	-1.783970e-001	1.521321e+000
7.311019466690844e-004	-1.823528e-001	1.530916e+000
7.321019466690845e-004	-1.861287e-001	1.539620e+000
7.331019466690845e-004	-1.897209e-001	1.547483e+000
7.341019466690845e-004	-1.931259e-001	1.554555e+000
7.351019466690845e-004	-1.963403e-001	1.560885e+000
7.361019466690846e-004	-1.993609e-001	1.566517e+000
7.371019466690846e-004	-2.021848e-001	1.571495e+000
7.381019466690840e-004	-2.048092e-001	1.575860e+000
7.391019466690840e-004	-2.072314e-001	1.579647e+000
7.401019466690840e-004	-2.094491e-001	1.582892e+000
7.411019466690840e-004	-2.114601e-001	1.585625e+000
7.421019466690841e-004	-2.132624e-001	1.587872e+000
7.431019466690841e-004	-2.148543e-001	1.589657e+000
7.441019466690841e-004	-2.162341e-001	1.590998e+000
7.451019466690841e-004	-2.174006e-001	1.591910e+000
7.461019466690842e-004	-2.183524e-001	1.592404e+000
7.471019466690842e-004	-2.190888e-001	1.592486e+000
7.481019466690842e-004	-2.196090e-001	1.592157e+000
7.491019466690842e-004	-2.199125e-001	1.591416e+000
7.501019466690843e-004	-2.199989e-001	1.590255e+000
7.511019466690843e-004	-2.198682e-001	1.588661e+000
7.521019466690843e-004	-2.195205e-001	1.586620e+000
7.531019466690843e-004	-2.189562e-001	1.584110e+000
7.541019466690844e-004	-2.181758e-001	1.581107e+000
7.551019466690844e-004	-2.171801e-001	1.577581e+000
7.561019466690844e-004	-2.159701e-001	1.573500e+000
7.571019466690844e-004	-2.145469e-001	1.568825e+000
7.581019466690844e-004	-2.129120e-001	1.563516e+000
7.591019466690845e-004	-2.110669e-001	1.557528e+000
7.601019466690845e-004	-2.090136e-001	1.550813e+000
7.611019466690845e-004	-2.067540e-001	1.543320e+000
7.621019466690845e-004	-2.042904e-001	1.534994e+000
7.631019466690839e-004	-2.016252e-001	1.525780e+000
7.641019466690839e-004	-1.987609e-001	1.515618e+000
7.651019466690840e-004	-1.957005e-001	1.504447e+000
7.661019466690840e-004	-1.924470e-001	1.492205e+000
7.671019466690840e-004	-1.890036e-001	1.478828e+000
7.681019466690840e-004	-1.853736e-001	1.464252e+000
7.691019466690841e-004	-1.815607e-001	1.448410e+000
7.701019466690841e-004	-1.775687e-001	1.431238e+000
7.711019466690841e-004	-1.734014e-001	1.412671e+000
7.721019466690841e-004	-1.690629e-001	1.392645e+000
7.731019466690842e-004	-1.645576e-001	1.371096e+000
7.741019466690842e-004	-1.598899e-001	1.347964e+000
7.751019466690842e-004	-1.550645e-001	1.323188e+000
7.761019466690842e-004	-1.500860e-001	1.296711e+000
7.771019466690843e-004	-1.449593e-001	1.268479e+000
7.781019466690843e-004	-1.396897e-001	1.238440e+000
7.791019466690843e-004	-1.342821e-001	1.206548e+000
7.801019466690843e-004	-1.287421e-001	1.172759e+000
7.811019466690844e-004	-1.230749e-001	1.137034e+000
7.821019466690844e-004	-1.172864e-001	1.099338e+000
7.831019466690844e-004	-1.113821e-001	1.059642e+000
7.841019466690844e-004	-1.053678e-001	1.017924e+000
7.851019466690845e-004	-9.924959e-002	9.741639e-001
7.861019466690845e-004	-9.303342e-002	9.283511e-001
7.871019466690845e-004	-8.672544e-002	8.804799e-001
7.881019466690839e-004	-8.033186e-002	8.305514e-001
7.891019466690839e-004	-7.385901e-002	7.785736e-001
7.901019466690839e-004	-6.731327e-002	7.245613e-001
7.911019466690839e-004	-6.070110e-002	6.685365e-001
7.921019466690840e-004	-5.402903e-002	6.105286e-001
7.931019466690840e-004	-4.730363e-002	5.505742e-001
7.941019466690840e-004	-4.053155e-002	4.887174e-001
7.951019466690840e-004	-3.371948e-002	4.250096e-001
7.961019466690841e-004	-2.687412e-002	3.595098e-001
7.971019466690841e-004	-2.000225e-002	2.922843e-001
7.981019466690841e-004	-1.311063e-002	2.234068e-001
7.991019466690841e-004	-6.206076e-003	1.529581e-001
8.001019466690842e-004	7.046036e-004	8.102623e-002
8.011019466690842e-004	7.614587e-003	7.705912e-003
8.021019466690842e-004	1.451706e-002	-6.690129e-002
8.031019466690842e-004	2.140520e-002	-1.426874e-001
8.041019466690843e-004	2.827222e-002	-2.195383e-001
8.051019466690843e-004	3.511133e-002	-2.973340e-001
8.061019466690843e-004	4.191580e-002	-3.759488e-001
8.071019466690843e-004	4.867890e-002	-4.552521e-001
8.081019466690844e-004	5.539396e-002	-5.351081e-001
8.091019466690844e-004	6.205435e-002	-6.153768e-001
8.101019466690844e-004	6.865351e-002	-6.959143e-001
8.111019466690844e-004	7.518491e-002	-7.765728e-001
8.121019466690845e-004	8.164211e-002	-8.572018e-001
8.131019466690838e-004	8.801874e-002	-9.376477e-001
8.141019466690839e-004	9.430851e-002	-1.017755e+000
8.151019466690839e-004	1.005052e-001	-1.097367e+000
8.161019466690839e-004	1.066027e-001	-1.176326e+000
8.171019466690839e-004	1.125950e-001	-1.254471e+000
8.181019466690840e-004	1.184762e-001	-1.331645e+000
8.191019466690840e-004	1.242405e-001	-1.407688e+000
8.201019466690840e-004	1.298821e-001	-1.482444e+000
8.211019466690840e-004	1.353956e-001	-1.555755e+000
8.221019466690841e-004	1.407755e-001	-1.627468e+000
8.231019466690841e-004	1.460164e-001	-1.697430e+000
8.241019466690841e-004	1.511132e-001	-1.765493e+000
8.251019466690841e-004	1.560609e-001	-1.831511e+000
8.261019466690841e-004	1.608546e-001	-1.895342e+000
8.271019466690842e-004	1.654896e-001	-1.956850e+000
8.281019466690842e-004	1.699612e-001	-2.015901e+000
8.291019466690842e-004	1.742651e-001	-2.072369e+000
8.301019466690842e-004	1.783970e-001	-2.126131e+000
8.311019466690843e-004	1.823528e-001	-2.177072e+000
8.321019466690843e-004	1.861287e-001	-2.225082e+000
8.331019466690843e-004	1.897209e-001	-2.270058e+000
8.341019466690843e-004	1.931259e-001	-2.311905e+000
8.351019466690844e-004	1.963403e-001	-2.350534e+000
8.361019466690844e-004	1.993609e-001	-2.385864e+000
8.371019466690844e-004	2.021848e-001	-2.417820e+000
8.381019466690839e-004	2.048092e-001	-2.446338e+000
8.391019466690839e-004	2.072314e-001	-2.471359e+000
8.401019466690839e-004	2.094491e-001	-2.492835e+000
8.411019466690840e-004	2.114601e-001	-2.510724e+000
8.421019466690840e-004	2.132624e-001	-2.524994e+000
8.431019466690840e-004	2.148543e-001	-2.535619e+000
8.441019466690840e-004	2.162341e-001	-2.542586e+000
8.451019466690841e-004	2.174006e-001	-2.545885e+000
8.461019466690841e-004	2.183524e-001	-2.545519e+000
8.471019466690841e-004	2.190888e-001	-2.541496e+000
8.481019466690841e-004	2.196090e-001	-2.533834e+000
8.491019466690842e-004	2.199125e-001	-2.522560e+000
8.501019466690842e-004	2.199989e-001	-2.507707e+000
8.511019466690842e-004	2.198682e-001	-2.489317e+000
8.521019466690842e-004	2.195205e-001	-2.467441e+000
8.531019466690843e-004	2.189562e-001	-2.442134e+000
8.541019466690843e-004	2.181758e-001	-2.413461e+000
8.551019466690843e-004	2.171801e-001	-2.381494e+000
8.561019466690843e-004	2.159701e-001	-2.346310e+000
8.571019466690844e-004	2.145469e-001	-2.307995e+000
8.581019466690844e-004	2.129120e-001	-2.266640e+000
8.591019466690844e-004	2.110669e-001	-2.222340e+000
8.601019466690844e-004	2.090136e-001	-2.175200e+000
8.611019466690845e-004	2.067540e-001	-2.125325e+000
8.621019466690845e-004	2.042904e-001	-2.072828e+000
8.631019466690839e-004	2.016252e-001	-2.017828e+000
8.641019466690839e-004	1.987609e-001	-1.960443e+000
8.651019466690839e-004	1.957005e-001	-1.900800e+000
8.661019466690839e-004	1.924470e-001	-1.839026e+000
8.671019466690840e-004	1.890036e-001	-1.775254e+000
8.681019466690840e-004	1.853736e-001	-1.709616e+000
8.691019466690840e-004	1.815607e-001	-1.642249e+000
8.701019466690840e-004	1.775687e-001	-1.573290e+000
8.711019466690841e-004	1.734014e-001	-1.502879e+000
8.721019466690841e-004	1.690629e-001	-1.431157e+000
8.731019466690841e-004	1.645576e-001	-1.358264e+000
8.741019466690841e-004	1.598899e-001	-1.284341e+000
8.751019466690841e-004	1.550645e-001	-1.209530e+000
8.761019466690842e-004	1.500860e-001	-1.133972e+000
8.771019466690842e-004	1.449593e-001	-1.057805e+000
8.781019466690842e-004	1.396897e-001	-9.811693e-001
8.791019466690842e-004	1.342821e-001	-9.042010e-001
8.801019466690843e-004	1.287421e-001	-8.270354e-001
8.811019466690843e-004	1.230749e-001	-7.498051e-001
8.821019466690843e-004	1.172864e-001	-6.726405e-001
8.831019466690843e-004	1.113821e-001	-5.956688e-001
8.841019466690844e-004	1.053678e-001	-5.190142e-001
8.851019466690844e-004	9.924959e-002	-4.427975e-001
8.861019466690844e-004	9.303342e-002	-3.671354e-001
8.871019466690844e-004	8.672544e-002	-2.921411e-001
8.881019466690838e-004	8.033186e-002	-2.179232e-001
8.891019466690838e-004	7.385901e-002	-1.445861e-001
8.901019466690839e-004	6.731327e-002	-7.222947e-002
8.911019466690839e-004	6.070110e-002	-9.481343e-004
8.921019466690839e-004	5.402903e-002	6.916807e-002
8.931019466690839e-004	4.730363e-002	1.380344e-001
8.941019466690840e-004	4.053155e-002	2.055716e-001
8.951019466690840e-004	3.371948e-002	2.717055e-001
8.961019466690840e-004	2.687412e-002	3.363677e-001
8.971019466690840e-004	2.000225e-002	3.994953e-001
8.981019466690841e-004	1.311063e-002	4.610310e-001
8.991019466690841e-004	6.206076e-003	5.209231e-001
9.001019466690841e-004	-7.046036e-004	5.791260e-001
9.011019466690841e-004	-7.614587e-003	6.355992e-001
9.021019466690842e-004	-1.451706e-002	6.903084e-001
9.031019466690842e-004	-2.140520e-002	7.432247e-001
9.041019466690842e-004	-2.827222e-002	7.943249e-001
9.051019466690842e-004	-3.511133e-002	8.435913e-001
9.061019466690843e-004	-4.191580e-002	8.910117e-001
9.071019466690843e-004	-4.867890e-002	9.365792e-001
9.081019466690843e-004	-5.539396e-002	9.802922e-001
9.091019466690843e-004	-6.205435e-002	1.022154e+000
9.101019466690843e-004	-6.865351e-002	1.062173e+000
9.111019466690844e-004	-7.518491e-002	1.100362e+000
9.121019466690844e-004	-8.164211e-002	1.136739e+000
9.131019466690839e-004	-8.801874e-002	1.171326e+000
9.141019466690839e-004	-9.430851e-002	1.204149e+000
9.151019466690839e-004	-1.005052e-001	1.235238e+000
9.161019466690840e-004	-1.066027e-001	1.264628e+000
9.171019466690840e-004	-1.125950e-001	1.292354e+000
9.181019466690840e-004	-1.184762e-001	1.318458e+000
9.191019466690840e-004	-1.242405e-001	1.342982e+000
9.201019466690840e-004	-1.298821e-001	1.365973e+000
9.211019466690841e-004	-1.353956e-001	1.387478e+000
9.221019466690841e-004	-1.407755e-001	1.407549e+000
9.231019466690841e-004	-1.460164e-001	1.426235e+000
9.241019466690841e-004	-1.511132e-001	1.443592e+000
9.251019466690842e-004	-1.560609e-001	1.459673e+000
9.261019466690842e-004	-1.608546e-001	1.474534e+000
9.271019466690842e-004	-1.654896e-001	1.488229e+000
9.281019466690842e-004	-1.699612e-001	1.500815e+000
9.291019466690843e-004	-1.742651e-001	1.512346e+000
9.301019466690843e-004	-1.783970e-001	1.522879e+000
9.311019466690843e-004	-1.823528e-001	1.532467e+000
9.321019466690843e-004	-1.861287e-001	1.541163e+000
9.331019466690844e-004	-1.897209e-001	1.549019e+000
9.341019466690844e-004	-1.931259e-001	1.556085e+000
9.351019466690844e-004	-1.963403e-001	1.562409e+000
9.361019466690844e-004	-1.993609e-001	1.568035e+000
9.371019466690845e-004	-2.021848e-001	1.573008e+000
9.381019466690838e-004	-2.048092e-001	1.577368e+000
9.391019466690839e-004	-2.072314e-001	1.581151e+000
9.401019466690839e-004	-2.094491e-001	1.584392e+000
9.411019466690839e-004	-2.114601e-001	1.587121e+000
9.421019466690839e-004	-2.132624e-001	1.589366e+000
9.431019466690840e-004	-2.148543e-001	1.591148e+000
9.441019466690840e-004	-2.162341e-001	1.592487e+000
9.451019466690840e-004	-2.174006e-001	1.593397e+000
9.461019466690840e-004	-2.183524e-001	1.593890e+000
9.471019466690841e-004	-2.190888e-001	1.593972e+000
9.481019466690841e-004	-2.196090e-001	1.593643e+000
9.491019466690841e-004	-2.199125e-001	1.592902e+000
9.501019466690841e-004	-2.199989e-001	1.591741e+000
9.511019466690842e-004	-2.198682e-001	1.590149e+000
9.521019466690842e-004	-2.195205e-001	1.588109e+000
9.531019466690842e-004	-2.189562e-001	1.585602e+000
9.541019466690842e-004	-2.181758e-001	1.582601e+000
9.551019466690842e-004	-2.171801e-001	1.579078e+000
9.561019466690843e-004	-2.159701e-001	1.575000e+000
9.571019466690843e-004	-2.145469e-001	1.570328e+000
9.581019466690843e-004	-2.129120e-001	1.565024e+000
9.591019466690843e-004	-2.110669e-001	1.559040e+000
9.601019466690844e-004	-2.090136e-001	1.552330e+000
9.611019466690844e-004	-2.067540e-001	1.544842e+000
9.621019466690844e-004	-2.042904e-001	1.536523e+000
9.631019466690838e-004	-2.016252e-001	1.527315e+000
9.641019466690838e-004	-1.987609e-001	1.517159e+000
9.651019466690838e-004	-1.957005e-001	1.505995e+000
9.661019466690839e-004	-1.924470e-001	1.493760e+000
9.671019466690839e-004	-1.890036e-001	1.480391e+000
9.681019466690839e-004	-1.853736e-001	1.465822e+000
9.691019466690839e-004	-1.815607e-001	1.449988e+000
9.701019466690840e-004	-1.775687e-001	1.432825e+000
9.711019466690840e-004	-1.734014e-001	1.414267e+000
9.721019466690840e-004	-1.690629e-001	1.394249e+000
9.731019466690840e-004	-1.645576e-001	1.372710e+000
9.741019466690841e-004	-1.598899e-001	1.349586e+000
9.751019466690841e-004	-1.550645e-001	1.324820e+000
9.761019466690841e-004	-1.500860e-001	1.298353e+000
9.771019466690840e-004	-1.449593e-001	1.270131e+000
9.781019466690839e-004	-1.396897e-001	1.240102e+000
9.791019466690839e-004	-1.342821e-001	1.208221e+000
9.801019466690838e-004	-1.287421e-001	1.174442e+000
9.811019466690837e-004	-1.230749e-001	1.138727e+000
9.821019466690836e-004	-1.172864e-001	1.101042e+000
9.831019466690835e-004	-1.113821e-001	1.061357e+000
9.841019466690834e-004	-1.053678e-001	1.019649e+000
9.851019466690834e-004	-9.924959e-002	9.759001e-001
9.861019466690833e-004	-9.303342e-002	9.300982e-001
9.871019466690832e-004	-8.672544e-002	8.822378e-001
9.881019466690831e-004	-8.033186e-002	8.323202e-001
9.891019466690830e-004	-7.385901e-002	7.803531e-001
9.901019466690829e-004	-6.731327e-002	7.263516e-001
9.911019466690828e-004	-6.070110e-002	6.703376e-001
9.921019466690828e-004	-5.402903e-002	6.123403e-001
9.931019466690827e-004	-4.730363e-002	5.523964e-001
9.941019466690826e-004	-4.053155e-002	4.905499e-001
9.951019466690825e-004	-3.371948e-002	4.268524e-001
9.961019466690824e-004	-2.687412e-002	3.613627e-001
9.971019466690823e-004	-2.000225e-002	2.941471e-001
9.981019466690823e-004	-1.311063e-002	2.252794e-001
9.991019466690822e-004	-6.206076e-003	1.548772e-001
1.000000000000000e-003	-2.694223e-016	9.066454e-002
